0 0.764453125 0.558984375 0.021875 0.00546875
0 0.516796875 0.57265625 0.020703125 0.006640625
0 0.554296875 0.562890625 0.0265625 0.00546875
0 0.63203125 0.559375 0.026953125 0.0046875
0 0.666015625 0.555859375 0.020703125 0.0046875
0 0.649609375 0.5546875 0.008984375 0.0046875
0 0.6109375 0.5875 0.0140625 0.0046875
0 0.600390625 0.581640625 0.014453125 0.009375
0 0.553515625 0.562890625 0.0265625 0.007421875
0 0.517578125 0.57421875 0.018359375 0.00546875
0 0.541796875 0.580859375 0.0125 0.003515625