0 0.38359375 0.607421875 0.034765625 0.021484375
0 0.821484375 0.572265625 0.028515625 0.01484375
0 0.776171875 0.592578125 0.046484375 0.025
0 0.741796875 0.596484375 0.062109375 0.028515625
0 0.681640625 0.580859375 0.0390625 0.01484375
0 0.66953125 0.566796875 0.0359375 0.01484375
0 0.632421875 0.54453125 0.094921875 0.031640625
0 0.698828125 0.550390625 0.041796875 0.021484375
0 0.73984375 0.527734375 0.0296875 0.01484375
0 0.64609375 0.5046875 0.023046875 0.009375
0 0.434765625 0.51328125 0.021875 0.0109375
0 0.46796875 0.480859375 0.012109375 0.0046875
0 0.469140625 0.476953125 0.012109375 0.0046875
0 0.491015625 0.4625 0.0078125 0.003515625