0 0.5234375 0.610546875 0.043359375 0.012109375
0 0.301953125 0.594140625 0.091015625 0.047265625
0 0.377734375 0.55 0.033984375 0.01484375
0 0.58671875 0.570703125 0.038671875 0.017578125
0 0.584765625 0.530078125 0.019921875 0.008203125
0 0.543359375 0.534765625 0.045703125 0.018359375
0 0.592578125 0.514453125 0.023046875 0.006640625
0 0.549609375 0.497265625 0.036328125 0.008203125
0 0.5734375 0.490625 0.015234375 0.0046875
0 0.578515625 0.4859375 0.0125 0.0046875
0 0.548828125 0.480859375 0.023828125 0.006640625
0 0.4875 0.474609375 0.019921875 0.0046875