0 0.27421875 0.628515625 0.057421875 0.0140625
0 0.361328125 0.554296875 0.060546875 0.025
0 0.525390625 0.57578125 0.0328125 0.037890625
0 0.557421875 0.5953125 0.037890625 0.026953125
0 0.63671875 0.575390625 0.064453125 0.03515625
0 0.566796875 0.54921875 0.051953125 0.021484375
0 0.533203125 0.529296875 0.038671875 0.026953125
0 0.586328125 0.52421875 0.018359375 0.008203125
0 0.58125 0.50703125 0.011328125 0.0046875
0 0.526953125 0.491015625 0.0140625 0.00546875
0 0.508984375 0.47734375 0.0140625 0.0046875
0 0.445703125 0.476953125 0.015234375 0.0046875
0 0.47109375 0.457421875 0.006640625 0.002734375