0 0.280859375 0.620703125 0.096484375 0.031640625
0 0.54609375 0.58203125 0.058984375 0.053515625
0 0.576171875 0.553515625 0.039453125 0.015625
0 0.598828125 0.58515625 0.022265625 0.0140625
0 0.608203125 0.608984375 0.052734375 0.023046875
0 0.6203125 0.569140625 0.0296875 0.0140625
0 0.661328125 0.585546875 0.019140625 0.008203125
0 0.533984375 0.509765625 0.0234375 0.009375
0 0.539453125 0.526953125 0.021875 0.008203125
0 0.512890625 0.487109375 0.023828125 0.007421875
0 0.412890625 0.509375 0.043359375 0.012109375
0 0.43515625 0.487890625 0.016796875 0.0046875
0 0.46640625 0.4609375 0.0078125 0.003515625