0 0.605078125 0.565625 0.025390625 0.012890625
0 0.9375 0.58984375 0.028125 0.0203125
0 0.715234375 0.539453125 0.034765625 0.012109375
0 0.65078125 0.52734375 0.035546875 0.01484375
0 0.636328125 0.512109375 0.024609375 0.009375
0 0.5734375 0.49296875 0.029296875 0.008203125
0 0.548828125 0.51953125 0.015625 0.012109375
0 0.550390625 0.4703125 0.008203125 0.0046875
0 0.605078125 0.565625 0.025390625 0.012890625
0 0.9375 0.58984375 0.028125 0.0203125
0 0.715234375 0.539453125 0.034765625 0.012109375
0 0.65078125 0.52734375 0.035546875 0.01484375
0 0.636328125 0.512109375 0.024609375 0.009375
0 0.5734375 0.49296875 0.029296875 0.008203125
0 0.548828125 0.51953125 0.015625 0.012109375
0 0.550390625 0.4703125 0.008203125 0.0046875