0 0.318359375 0.605078125 0.0671875 0.027734375
0 0.298046875 0.587109375 0.0359375 0.015625
0 0.383984375 0.534375 0.028125 0.0140625
0 0.51171875 0.54296875 0.0484375 0.01484375
0 0.584765625 0.579296875 0.033984375 0.01484375
0 0.635546875 0.587890625 0.024609375 0.01484375
0 0.3828125 0.534765625 0.027734375 0.012109375
0 0.403515625 0.503515625 0.023046875 0.012109375
0 0.423828125 0.485546875 0.016796875 0.003515625
0 0.446484375 0.477734375 0.019140625 0.0046875
0 0.458203125 0.4671875 0.0109375 0.003515625