0 0.351953125 0.60078125 0.066015625 0.026953125
0 0.219921875 0.59921875 0.078515625 0.031640625
0 0.443359375 0.569140625 0.061328125 0.021484375
0 0.51796875 0.55234375 0.095703125 0.03046875
0 0.44921875 0.5515625 0.038671875 0.01484375
0 0.417578125 0.53515625 0.055859375 0.0140625
0 0.507421875 0.515625 0.0296875 0.008203125
0 0.552734375 0.521484375 0.033203125 0.008203125
0 0.648046875 0.495703125 0.030078125 0.01015625
0 0.833984375 0.54765625 0.040234375 0.021484375
0 0.87734375 0.529296875 0.039453125 0.01484375
0 0.902734375 0.60546875 0.080078125 0.025
0 0.7953125 0.4859375 0.014453125 0.00546875
0 0.773828125 0.495703125 0.020703125 0.00546875