0 0.423046875 0.604296875 0.212109375 0.0359375
0 0.21640625 0.606640625 0.066015625 0.027734375
0 0.320703125 0.575390625 0.086328125 0.023046875
0 0.462890625 0.540625 0.066796875 0.015625
0 0.508203125 0.550390625 0.0359375 0.0109375
0 0.617578125 0.590625 0.028515625 0.01953125
0 0.875390625 0.58984375 0.053515625 0.025
0 0.909765625 0.554296875 0.0453125 0.015625
0 0.622265625 0.51015625 0.0375 0.01484375
0 0.76875 0.508984375 0.021484375 0.007421875
0 0.787890625 0.49453125 0.017578125 0.006640625