0 0.803515625 0.546875 0.032421875 0.012109375
0 0.6359375 0.515625 0.034765625 0.01015625
0 0.66328125 0.509375 0.019140625 0.006640625
0 0.6890625 0.50546875 0.029296875 0.0046875
0 0.5921875 0.49765625 0.009375 0.003515625
0 0.55625 0.479296875 0.025390625 0.0046875
0 0.796484375 0.546875 0.042578125 0.01484375
0 0.637890625 0.516015625 0.033203125 0.012109375
0 0.665234375 0.509765625 0.024609375 0.008203125
0 0.68828125 0.5046875 0.025390625 0.0046875
0 0.592578125 0.497265625 0.010546875 0.0046875
0 0.55546875 0.479296875 0.020703125 0.0046875