0 0.343359375 0.46015625 0.08671875 0.03984375
0 0.333203125 0.41875 0.06015625 0.02734375
0 0.283203125 0.72109375 0.093359375 0.042578125
0 0.43671875 0.798828125 0.21328125 0.1375
0 0.91171875 0.43515625 0.043359375 0.025
0 0.86171875 0.461328125 0.043359375 0.02265625
0 0.958203125 0.53984375 0.0765625 0.025
0 0.943359375 0.511328125 0.06015625 0.017578125
0 0.61171875 0.938671875 0.116796875 0.117578125
0 0.319921875 0.62265625 0.06015625 0.03515625
0 0.6765625 0.57890625 0.066796875 0.032421875
0 0.643359375 0.69140625 0.046484375 0.04765625
0 0.86484375 0.657421875 0.043359375 0.05
0 0.528515625 0.42109375 0.030078125 0.017578125
0 0.75 0.37734375 0.106640625 0.019921875