0 0.42109375 0.716796875 0.22265625 0.106640625
0 0.655078125 0.846484375 0.130078125 0.119921875
0 0.575 0.63828125 0.11484375 0.06328125
0 0.54375 0.568359375 0.092578125 0.05
0 0.430078125 0.608203125 0.094921875 0.05
0 0.417578125 0.506640625 0.08515625 0.033203125
0 0.61640625 0.480078125 0.1625 0.03984375
0 0.723828125 0.516796875 0.09765625 0.03984375
0 0.526171875 0.433203125 0.0875 0.0265625
0 0.07734375 0.656640625 0.1546875 0.08671875
0 0.130078125 0.581640625 0.1 0.043359375
0 0.17890625 0.53828125 0.1125 0.05
0 0.24375 0.468359375 0.067578125 0.0234375
0 0.31015625 0.43515625 0.069921875 0.0234375
0 0.26640625 0.394921875 0.107421875 0.030078125
0 0.39609375 0.35 0.10234375 0.0265625
0 0.355078125 0.3734375 0.06484375 0.019921875
0 0.511328125 0.38671875 0.057421875 0.019921875