0 0.421484375 0.717578125 0.052734375 0.046484375
0 0.653515625 0.82265625 0.0703125 0.052734375
0 0.767578125 0.808984375 0.0625 0.058203125
0 0.305859375 0.692578125 0.073828125 0.048046875
0 0.915234375 0.7140625 0.124609375 0.1
0 0.632421875 0.580859375 0.034375 0.023046875
0 0.446484375 0.690625 0.048828125 0.0203125
0 0.209765625 0.683984375 0.082421875 0.034375
0 0.71328125 0.963671875 0.1046875 0.07265625
0 0.619921875 0.5328125 0.055078125 0.032421875
0 0.70859375 0.581640625 0.068359375 0.048046875