0 0.730859375 0.703515625 0.417578125 0.119921875
0 0.3234375 0.568359375 0.301171875 0.08984375
0 0.195703125 0.480078125 0.194921875 0.066796875
0 0.44375 0.4265625 0.1765625 0.046484375
0 0.1265625 0.369921875 0.100390625 0.033203125
0 0.023046875 0.344921875 0.0421875 0.030078125
0 0.530078125 0.246484375 0.100390625 0.0265625
0 0.618359375 0.180078125 0.13671875 0.019921875
0 0.6546875 0.48515625 0.096484375 0.056640625
0 0.85625 0.344921875 0.054296875 0.0234375
0 0.9078125 0.36484375 0.072265625 0.030078125
0 0.730859375 0.246484375 0.06015625 0.03984375
0 0.3203125 0.293359375 0.142578125 0.0265625