0 0.640625 0.81171875 0.259375 0.203515625
0 0.653125 0.491796875 0.2078125 0.08984375
0 0.75390625 0.38828125 0.18046875 0.05
0 0.76640625 0.31328125 0.123046875 0.03984375
0 0.68984375 0.283203125 0.106640625 0.033203125
0 0.643359375 0.256640625 0.095703125 0.0265625
0 0.710546875 0.216796875 0.065625 0.0265625
0 0.438671875 0.41015625 0.123046875 0.046484375
0 0.442578125 0.366796875 0.0875 0.03984375
0 0.53671875 0.31484375 0.073828125 0.030078125
0 0.38671875 0.3265625 0.090234375 0.033203125
0 0.075 0.753515625 0.123046875 0.1