0 0.344921875 0.543359375 0.10625 0.093359375
0 0.366015625 0.443359375 0.07734375 0.066796875
0 0.476953125 0.48984375 0.06875 0.053515625
0 0.582421875 0.51328125 0.0703125 0.053515625
0 0.58828125 0.381640625 0.06875 0.06328125
0 0.716015625 0.38984375 0.06328125 0.0734375
0 0.48125 0.671484375 0.15625 0.143359375
0 0.51640625 0.843359375 0.10625 0.13984375
0 0.9015625 0.125 0.162890625 0.096484375
0 0.5078125 0.194921875 0.109765625 0.056640625
0 0.348046875 0.28515625 0.06875 0.043359375
0 0.269140625 0.21328125 0.065234375 0.053515625
0 0.213671875 0.266796875 0.056640625 0.053515625
0 0.1328125 0.3015625 0.09765625 0.06328125
0 0.233203125 0.383203125 0.09609375 0.080078125
0 0.344921875 0.331640625 0.055078125 0.043359375
0 0.749609375 0.244921875 0.058203125 0.043359375