0 0.413671875 0.480078125 0.392578125 0.306640625
0 0.15234375 0.806640625 0.3046875 0.21328125
0 0.82734375 0.51484375 0.25 0.1234375
0 0.830078125 0.633203125 0.25 0.133203125
0 0.79375 0.81015625 0.217578125 0.253515625
0 0.69375 0.378515625 0.2625 0.1234375
0 0.66484375 0.275 0.155078125 0.056640625
0 0.37890625 0.16484375 0.17265625 0.069921875
0 0.575 0.194921875 0.175 0.0765625
0 0.738671875 0.158203125 0.1375 0.08984375
0 0.657421875 0.094921875 0.105078125 0.05
0 0.548828125 0.069921875 0.117578125 0.03984375
0 0.438671875 0.094921875 0.117578125 0.043359375
0 0.26015625 0.11328125 0.08515625 0.033203125
0 0.29140625 0.06328125 0.0625 0.019921875
0 0.311328125 0.0234375 0.057421875 0.019921875
0 0.380078125 0.03984375 0.06015625 0.0265625