0 0.525228742981833 0.39817717716514445 0.1187816930324777 0.061795650270152436
0 0.7298447402518271 0.317588114918017 0.028172797424624463 0.011111114790790032
0 0.06394100790015358 0.7954972996332557 0.023485297424624463 0.010947423683797374
0 0.42315605995129496 0.9587823165507057 0.031154276212797073 0.01900546034428636
0 0.34885015411198095 0.7976563162342195 0.013791433030538158 0.006713791469812236
0 0.294282276611496 0.7828968844293878 0.01847893303053816 0.0068774825768048945
0 0.2300041724488703 0.8877679063454202 0.018734024545807238 0.010002482576804894
0 0.3522379754784386 0.8725608297551407 0.013855205909355383 0.007495041469812236
0 0.365136652674512 0.8492510599272837 0.010666433030538158 0.0066046640651507005
0 0.3484115382804256 0.8447718910528097 0.009167705909355384 0.0073313503628197555
0 0.64453125 0.809765625 0.0703125 0.03984375
0 0.6709403714607449 0.7916939871544602 0.04215554909161447 0.02016865626060227
0 0.8481645634302069 0.7916506082945951 0.028364116061076316 0.013454864790789856
0 0.9092774066124658 0.805470060834333 0.026610297424624462 0.011056551088459089
0 0.9064793232026254 0.7855072630575848 0.029671524545807237 0.0103844284931208
0 0.834851555928752 0.7526240692294446 0.025047797424624464 0.01100198738612832
0 0.8592297381257954 0.7554229316155727 0.011256364394086305 0.0042881959163160845
0 0.7952867961563334 0.759422178894425 0.02192279742462446 0.01089285998146643