0 0.3256743369207788 0.1568014841772812 0.15136435830301415 0.17909680272886827
0 0.7331186000932798 0.13101904135407424 0.007552390871793335 0.017478598428423454
0 0.6871539820420033 0.18924676426576906 0.005516294191141214 0.011155823821317589
0 0.6818036312121663 0.18742955314089854 0.005634693361304244 0.01271832382131759
0 0.2653493757133353 0.9447572867012617 0.016738136722608488 0.025691358767505612
0 0.2079223036270535 0.5696791269622161 0.007599935062934371 0.028379711124870522
0 0.722116534118918 0.7317286516717658 0.02092872925407576 0.03989940798171752
0 0.7060748304848979 0.865830746895119 0.02213603174358649 0.0352846825888232
0 0.6808680932448026 0.8415285099225429 0.025853027594401647 0.04324273180303493
0 0.6572471667925879 0.8376843221641785 0.006652741701630304 0.01587971112487061
0 0.6363440548648424 0.7669340974951554 0.0071263383822824265 0.022129711124870433
0 0.6261187951165801 0.6535608022098851 0.00736313672260831 0.025254711124870433
0 0.6187291184522618 0.8390263442900849 0.005279495850815152 0.00803082382131759