0 0.9267057035669553 0.05633440098794269 0.04614266250491763 0.08032490626060226
0 0.2619076431852303 0.5307304499034082 0.030512308666190258 0.04626736479078999
0 0.2960644858760928 0.6470474198663412 0.015810670298587758 0.02549107332097771
0 0.30537931972644167 0.6258358633779956 0.01402964901126431 0.022311509618646853
0 0.3202882257366341 0.502225993187319 0.012412518689433405 0.021475695916315995
0 0.28986875221973774 0.5340563465453636 0.013303029333095217 0.023065477767481423
0 0.3224084645887694 0.6511000028059658 0.008178486758448233 0.01665178666048881
0 0.3344610783148537 0.8371292720432596 0.013303029333095129 0.023065477767481468
0 0.6975657807089147 0.797397155206703 0.2032167432147361 0.35390379391688287
0 0.59140625 0.78359375 0.1234375 0.2125
0 0.9290719608564224 0.6226141985330227 0.04986859604505707 0.08902778366526398