0 0.5269878910104007 0.2285088967082677 0.016661710344286363 0.03050637155129756
0 0.5852145806197809 0.25456512465928605 0.01251984736759475 0.04588571008590821
0 0.5673289207733905 0.28949950700894667 0.00674107332097762 0.014390048620519024
0 0.4990179195922641 0.3654611414505429 0.0052877007256395105 0.017433161465389268
0 0.4668688631039185 0.3715744829816005 0.0036160733209776195 0.014226274310259513
0 0.8253857459508758 0.4082589334565704 0.004960318511654194 0.008058161465389268
0 0.8316952714951054 0.421456635288307 0.005905259618646852 0.012786605042954235
0 0.590625 0.655078125 0.01875 0.05078125
0 0.593359375 0.821484375 0.01328125 0.05546875
0 0.5818106219003341 0.8377782157380882 0.00857639183263199 0.022284435775648603
0 0.5908012033423462 0.8830890547249546 0.017261911069925695 0.04769387155129721