0 0.1668270852460081 0.18023816509942686 0.008290732122152634 0.025218254809323427
0 0.1989693897976344 0.34495542952739716 0.008673369395056163 0.029905754809323427
0 0.21312716230199857 0.4611347456343896 0.007126844849248926 0.02050347295815804
0 0.6971516048754344 0.2820300881926611 0.012723140606883376 0.022256945916316086
0 0.0333214581199762 0.5986917819783925 0.006744207576345218 0.015815972958158044
0 0.013033050239219256 0.5457887540295012 0.0062180490916144745 0.01891369110699257
0 0.6716592024304434 0.6386818814765719 0.027247897274843426 0.05704117368379742
0 0.6430000562186162 0.6454713120578683 0.013743506667959694 0.03475694591631599
0 0.637483186449107 0.7305816774392214 0.009470594849248925 0.020585318511654283
0 0.6880488322864813 0.8394631314765718 0.020870351517208795 0.05526041887447395
0 0.6998709714558957 0.9127146203603125 0.027120351517208617 0.05547867368379737
0 0.7113347588785806 0.8718267255324557 0.015194436364518005 0.023901291469812236