0 0.24780535337296153 0.3794884050165274 0.024661146413374267 0.04035289627652787
0 0.24475426809761683 0.42869806311873226 0.0144120612640803 0.02763469072944442
0 0.2758594795458558 0.42446417819291626 0.014302800620418665 0.026072190729444424
0 0.3152167284990123 0.3412603999825343 0.009068997402109957 0.018150587955902787
0 0.32779046123457467 0.334337926150885 0.010068768689433582 0.021293771751493117
0 0.6216033043035895 0.2172699272429858 0.036106744804219916 0.03671940321038214
0 0.5538420039352724 0.17126840264170112 0.045885936390131124 0.06502624116628475
0 0.682988554555691 0.1425231939604857 0.02669353997675685 0.024800631458888844
0 0.65325500095923 0.2609919983392183 0.05362202673520518 0.04180694671336802
0 0.5691040580743738 0.28206010567178785 0.04988502153942509 0.07759897634864572
0 0.6052432898891434 0.1556424228261281 0.035254438988021164 0.046839285619201386
0 0.1201688033827967 0.71161835947151 0.00696019418380125 0.0103017203647223
0 0.600390625 0.777734375 0.18203125 0.32578125