0 0.3960813060688622 0.5613433231811608 0.016390839448421346 0.02664885841125635
0 0.44089015351567207 0.47921006708193864 0.009731315770898164 0.019581246974937905
0 0.4516078456372819 0.46209074477503576 0.013402347340929311 0.028974427693097125
0 0.47924351009982064 0.4739663034691592 0.00876805524755433 0.016451701795398142
0 0.48353653246192607 0.4806296543668583 0.006151289462538756 0.011750566256778682
0 0.44345298237016273 0.5768481363637795 0.00876805524755433 0.016451701795397965
0 0.4586268086996981 0.5624881875443455 0.006287797355046721 0.014094316256778682
0 0.45949135868558066 0.5773319375443455 0.007713789462538756 0.011759656615858205
0 0.46781594553845973 0.5660560821090532 0.005279034200867017 0.010183521077238921
0 0.47225703370675687 0.5551481257760621 0.006196792093374803 0.012531816256778683
0 0.8417673549510883 0.6903225564942213 0.00858604472421085 0.013326701795398143
0 0.8483459732328242 0.8367955685453718 0.009640310509226247 0.018018746974937903