0 0.4635199438034713 0.3470939118050178 0.011591610885972159 0.016642639342673606
0 0.796537849623425 0.03905738041204909 0.02508747436384251 0.03722789627652787
0 0.7875 0.008984375 0.021875 0.01796875
0 0.8521661426725682 0.18030095606730967 0.024609020735185182 0.03175914627652787
0 0.821877122361619 0.26185000887897625 0.015536817106527679 0.026090374525034578
0 0.8766954796425679 0.3492782535121881 0.02083947177194432 0.03323072729857639
0 0.8805036305615495 0.3883498454099833 0.03158148213953691 0.04907393284565984
0 0.8877638369235168 0.4356882055923442 0.010097461404351549 0.017387521751493294
0 0.8601272067397205 0.42724836464447974 0.014277113477870352 0.0206034407294446
0 0.8124716652693504 0.3637664396826047 0.012275116069768544 0.024455139342673606
0 0.8373438176256928 0.4430909169811811 0.006357306738935265 0.010283536569131968