0 0.18823664295799664 0.08296521302138853 0.01419347717948316 0.043032382513557364
0 0.21819775271090336 0.15860556245565452 0.007433991701630305 0.015661361436318445
0 0.9115172564474919 0.12969048253699836 0.06018140601864026 0.08312611738824671
0 0.970690424288987 0.0957376633533535 0.03363056141258056 0.07281987646343317
0 0.8448275865314046 0.16759500351604145 0.04562199855010753 0.09709771379745061
0 0.8586434780278978 0.27771943725926274 0.023509277594401645 0.04230567466803503
0 0.881076261009273 0.027087917743652844 0.019200285892771517 0.02666249394987581
0 0.2565242403635951 0.7664612416612827 0.006415943361304244 0.012531816256778683
0 0.24518751982048545 0.6168518666612827 0.004735044191141213 0.010960225897698983
0 0.8544858371444934 0.7416498666121847 0.006415943361304244 0.012531816256778683
0 0.8544858371444934 0.7416498666121847 0.006415943361304244 0.012531816256778683