0 0.16221937301960593 0.2189221576742179 0.009576395861557074 0.01890000446422686
0 0.13855282168555344 0.14035682691109716 0.009822057326946344 0.02358750446422686
0 0.13162226961633197 0.14986137622111126 0.00924884724103805 0.012650004464226861
0 0.94296875 0.46875 0.03125 0.021875
0 0.8796875 0.455078125 0.040625 0.04921875
0 0.8359375 0.4546875 0.040625 0.05
0 0.805859375 0.4578125 0.02578125 0.04375
0 0.7882817896311783 0.03530222403036061 0.0313595426276251 0.062209673701106104
0 0.2557630362382467 0.5065457757743591 0.01931988805964089 0.026094895697928777
0 0.6034259302907813 0.8228235663594379 0.011920145861557074 0.018940914772652383
0 0.5709465015818797 0.8968951761400333 0.009822057326946165 0.02358750446422686