0 0.27067614144189134 0.4470845663099713 0.029488446856846907 0.01334108597251955
0 0.35574465426217294 0.4010566639609734 0.017478598428423454 0.00675010517284953
0 0.26448503050277256 0.37845240667023516 0.02778039764263518 0.010170621865896835
0 0.2766939320743492 0.3850661195232167 0.019895123035529316 0.008380801332783605
0 0.4703015560408918 0.2769490853124455 0.07856380169541106 0.045196491224511345
0 0.5841243653870434 0.19303356380268877 0.03364940798171734 0.018923496239076344
0 0.08839335349777526 0.9512940358601238 0.09355525496239867 0.08230168613080409
0 0.4046875 0.8203125 0.009375 0.0265625
0 0.3095770526286791 0.8298223415473981 0.028127154052775973 0.034366639812585476
0 0.196213392682491 0.8366938098439094 0.04133562944567011 0.03319058471887839
0 0.3111524190469252 0.7708038684674312 0.10752570967712849 0.06398359514371954
0 0.4646712172276796 0.6475793171346476 0.051220051695410974 0.044400869358614516
0 0.5951421212804556 0.6177363559310188 0.023602319892376045 0.020971729546028862
0 0.487311427628679 0.6149899575740537 0.035539393713693815 0.02600021034569906
0 0.6652630494236087 0.6322936067556951 0.018097182588823202 0.02003135517284953
0 0.469140625 0.552734375 0.11953125 0.06640625