0 0.26279482586942493 0.24294141847316988 0.008921298620519024 0.006550100362819755
0 0.678181887718927 0.6527603956924971 0.024873847241038007 0.01334573738612832
0 0.8143545434743359 0.6076971330362164 0.0343716779737326 0.01601686960011346
0 0.8385135391211221 0.5982440047245055 0.01681568577564878 0.008385418874474127
0 0.8585991884313817 0.600673317519787 0.04070356512886235 0.017797624409436885
0 0.9647518125268706 0.5727033129845406 0.03692014586155708 0.020004965153609788
0 0.9850371966855533 0.6013454235565703 0.024873847241038048 0.01334573738612832
0 0.9035127583657132 0.6362821907056885 0.028285452283992107 0.018923614790789856
0 0.8852728920721408 0.6541380960592414 0.02742231512886235 0.017333832939624472
0 0.9286831767285075 0.6087921077660639 0.01841912935321357 0.009221232576804895
0 0.18208207541716934 0.7161209854872117 0.01846007293077854 0.010002482576804894
0 0.22119050203413532 0.6932315951521921 0.010524742198083813 0.0073859140651505225
0 0.2390625 0.682421875 0.0109375 0.00546875
0 0.251953125 0.681640625 0.01015625 0.00390625
0 0.2805228974434367 0.6978124403892024 0.016198210085908115 0.011483137023308564