0 0.8764714952242507 0.32740026656614385 0.02040213756921396 0.026763895861557075
0 0.22913242636120196 0.748016521371613 0.008332934145441229 0.020680992198083815
0 0.2150798195597993 0.7425239775565633 0.0062197216223697895 0.012005355042954236
0 0.23696471275839653 0.7351480291735293 0.006269786397194466 0.012786605042954235
0 0.2665910572212981 0.6798701693251059 0.008863860271317848 0.01681568577564878
0 0.248186264654853 0.6633156337642279 0.006219721622369967 0.012005355042954236
0 0.2380352606450707 0.6759163316950063 0.006369915946843818 0.014349105042954058
0 0.23969264420450234 0.6622035131174414 0.006800712523071262 0.008921298620519024
0 0.23382337600590503 0.6687401181603956 0.006800712523071262 0.008921298620519024
0 0.22975703848283374 0.6775181142594374 0.0052382125230712616 0.008839411465389269
0 0.626413190550017 0.8585467862402762 0.008963989820967199 0.01837818577564878