0 0.20503002026067313 0.25352825982460814 0.01033055524755433 0.01684289764263518
0 0.21036575049411024 0.22211451695861992 0.00945829998588259 0.015244010339082337
0 0.258817932021789 0.659276376759583 0.016390839448421436 0.027253858767505613
0 0.30525753341485284 0.7381430083768661 0.010512565770898163 0.01996789764263518
0 0.3163658505364625 0.7547665051717958 0.013402347340929311 0.029452059553293886
0 0.3436336413144193 0.7414199618509961 0.00876805524755433 0.016770123035529317
0 0.3479494149919427 0.7342067753332315 0.006151289462538756 0.011973461124870433
0 0.3058672372693433 0.6407232758499601 0.00876805524755433 0.016770123035529317
0 0.32184506491429676 0.6540034488235722 0.0070690473550467205 0.014353598428423453
0 0.3222962385847614 0.6395685174753487 0.007713789462538756 0.012046235731976296
0 0.33064357675305844 0.65008756348449 0.005279034200867017 0.01037457382131759
0 0.33508466492135547 0.6607885460113959 0.006196792093374803 0.01275471112487061
0 0.92109375 0.9859375 0.025 0.028125
0 0.8974967832736784 0.7139842244641353 0.010603571032569903 0.02153039764263518
0 0.9203010990798702 0.730452536705771 0.011293815770898163 0.02000428494618802