0 0.2913500277639338 0.24812240123463516 0.0052079341454412285 0.020471667490486033
0 0.2755498010520475 0.2502201062726913 0.00460715684754529 0.011096667490485856
0 0.29435511181709 0.2623440687251211 0.0047072863971944654 0.012659167490485856
0 0.3031002537052404 0.32144715469467633 0.006470045496493171 0.015847834486680413
0 0.2788617173080459 0.33299214975176045 0.00460715684754529 0.011096667490485856
0 0.2735128832548897 0.31867498176698283 0.004807415946843818 0.014221667490486034
0 0.2702929996954582 0.3322513562726913 0.005969397748246586 0.008035334486680413
0 0.2668873974437048 0.32427968878220526 0.005969397748246586 0.008035334486680413
0 0.2659006423541884 0.3152316467860109 0.004406897748246585 0.007971667490486034
0 0.7560121074981533 0.32947717199488186 0.009494915946843818 0.014412668479069168
0 0.7290060668604639 0.43921229279340335 0.017497183065707134 0.04201108646384668
0 0.7060819586701725 0.31412674461856416 0.009033840992986342 0.03153650148287479
0 0.6916445716408258 0.3499614503980576 0.006950906847545291 0.011192167984777512
0 0.6916352772240668 0.38677570089234925 0.006570175046142523 0.01741033448668041
0 0.8383438891934276 0.7341056401316649 0.03657785009228505 0.035775673916276673