0 0.484765625 0.3296875 0.05078125 0.040625
0 0.3743527103130509 0.17273687924510747 0.017098968792335613 0.02912629549649317
0 0.39145554076283207 0.0692515326227376 0.030663501809022265 0.05023983189368782
0 0.37148441711959884 0.03432522131782809 0.030868219696846565 0.05414608189368782
0 0.36165351509580584 0.11048195712901307 0.01434578301668683 0.021163601172019143
0 0.3406566013691387 0.17684278956256794 0.01853863805964089 0.026882675046142522
0 0.83828125 0.0359375 0.2109375 0.071875
0 0.76015625 0.120703125 0.2609375 0.24140625
0 0.150146708786942 0.8256610213639707 0.0270914444820761 0.026652137569213787
0 0.97734375 0.947265625 0.0453125 0.06796875
0 0.986328125 0.853125 0.02734375 0.0640625
0 0.816087672435124 0.8291079927556279 0.038595510515449585 0.06787791486710973
0 0.7923740731021504 0.7913070053248417 0.02421210594746519 0.03113937846991526
0 0.7706357315710927 0.7603870735695815 0.033829445386587234 0.05122134099298634
0 0.8729756199136471 0.8281876391934275 0.03711821969684674 0.05454660009228505
0 0.6825696630492986 0.4425114107834983 0.04048555913596861 0.07422804441675908