0 0.6433175358041361 0.17322306204090196 0.03797451929603195 0.06075157229032406
0 0.6780020343542436 0.27249033018418906 0.027900779668994246 0.04046846658814811
0 0.7170918276083349 0.14824661258291574 0.022136031743586672 0.036083762959490784
0 0.6765625 0.023828125 0.0265625 0.04765625
0 0.1180169248018295 0.6384188350851614 0.026823531743586492 0.036493866069768545
0 0.10312747584144795 0.7286925205705318 0.03844811597668398 0.06700157229032407
0 0.6122733504288517 0.818833223186064 0.02315408008391273 0.03927711347787035
0 0.6046218887085655 0.8868460646328001 0.021958432988342123 0.033740012959490785
0 0.6546875 0.984765625 0.03125 0.03046875
0 0.675390625 0.986328125 0.02890625 0.02734375
0 0.6778212064451697 0.8133148922483324 0.010428937137526972 0.024970605702175776