0 0.415150742592539 0.4345369431779238 0.018501016508343328 0.010469895697928777
0 0.644921875 0.359375 0.05078125 0.0515625
0 0.7776236267512218 0.43390085632737063 0.05480036465389269 0.047788663554836394
0 0.8415002196390462 0.43891850303959706 0.05541784034363317 0.04467730032431163
0 0.9671875 0.4375 0.065625 0.0640625
0 0.7980495731558915 0.29493183664373923 0.03909679952503016 0.0311233149348082
0 0.7138095706117001 0.33326872361673293 0.04366146879233561 0.02886138555165907
0 0.8639921556976085 0.346817664971228 0.07124755823145748 0.04885628571381488
0 0.27093873614738956 0.7292320371318542 0.03909679952503016 0.0311233149348082
0 0.30109322563193996 0.6641934182192866 0.0619953889641522 0.05103639448011297
0 0.41694947761030443 0.8270059740221225 0.026269250904511134 0.024655126623205348
0 0.43694771709485486 0.7617900771063775 0.03103863805964089 0.026299447240056395
0 0.5006555526330188 0.7859278936643911 0.08888875961093845 0.04291993141174384
0 0.9324832061271497 0.6295874803130733 0.024873847241038048 0.012922739853730292
0 0.9900860051999242 0.6489355211000231 0.016198210085908292 0.011210235389503253