0 0.49765625 0.09140625 0.0234375 0.05625
0 0.488671875 0.00546875 0.02421875 0.0109375
0 0.42185204116618624 0.11640625 0.019144113125944707 0.03359375
0 0.43392085970909466 0.24453125 0.020327181527678918 0.05390625
0 0.995703125 0.144921875 0.00859375 0.03671875
0 0.24988822297621374 0.70234375 0.016436342079257392 0.02734375
0 0.2238671728844504 0.605859375 0.019879860495108835 0.0328125
0 0.187109375 0.55390625 0.01640625 0.0078125
0 0.1828931978773917 0.5984375 0.007023544724210673 0.01328125
0 0.983203125 0.980859375 0.03359375 0.03828125
0 0.8976406319300256 0.686328125 0.04501636838761662 0.03515625
0 0.890965333188974 0.6265625 0.04531947625188941 0.0671875
0 0.9297538808616629 0.946484375 0.019098610495108838 0.0328125
0 0.9119254913920652 0.95078125 0.02245882892507787 0.0234375
0 0.829296875 0.991015625 0.02421875 0.01796875