0 0.25837282243230797 0.4211069586200085 0.014331755437207504 0.02678764294638576
0 0.3002313878887623 0.3397749095547362 0.008608337452429815 0.020123245850815152
0 0.3104526341815754 0.32302557874587734 0.011334089429596262 0.0296758446060597
0 0.33821021965683895 0.3352538142237303 0.007699753460041059 0.016939046265733636
0 0.3427617626416165 0.3418294119416786 0.005133168973360825 0.011292697510489091
0 0.30616370015091177 0.4375791585174399 0.007699753460041236 0.016939046265733636
0 0.3207773219380165 0.4234991754265295 0.00526050296574958 0.014417697510489092
0 0.3221634084018632 0.43840212501161097 0.006727502471457925 0.012192346680652121
0 0.33027965593040526 0.42733457044750767 0.005069501977166269 0.009730197510489091
0 0.3341149452079959 0.4163320431654559 0.005196835969555025 0.01285519751048909
0 0.7317241618247232 0.03254228870392106 0.03103909437251211 0.05453413464801597
0 0.6891472965005903 0.4689699458601039 0.048958764828747545 0.07380527551980923
0 0.20862285528410807 0.8620813284335274 0.04250051779449713 0.08733497925407577