0 0.37556956733693314 0.1975377547675617 0.009488629488495093 0.020077281570031146
0 0.36744851600907324 0.1157872258283665 0.010297150565734015 0.024810284200867016
0 0.35880476903413533 0.1238804468891713 0.009452268052176648 0.013827281570031148
0 0.76484375 0.362109375 0.0296875 0.07578125
0 0.8156357706939602 0.29222753495158765 0.05114031918364503 0.06467642100433509
0 0.34631613198298494 0.8989811875047777 0.06389030405833437 0.10837321309770989
0 0.3389308788597269 0.8250886611964183 0.03229032523376922 0.04639685786427279
0 0.315940558163551 0.8811909599021768 0.03879485528799833 0.09051087891096028
0 0.9488000012274483 0.8823470598386483 0.05210792154477702 0.09675317363517096
0 0.9195887746914762 0.46292607828979315 0.04155624092481354 0.028192889434303935
0 0.9484972972812461 0.4642190506307224 0.020448855386194252 0.024620568401734034
0 0.9554684181855343 0.7436258295699176 0.03461589451560983 0.043408365756780753