0 0.19773822139432742 0.271513768503139 0.00702460594746519 0.030037953423772735
0 0.20009193747312945 0.3163454071520871 0.009822057326946165 0.02398821252307126
0 0.18696337432263146 0.17048744061923352 0.0052607100859082935 0.011237888648948058
0 0.6574701286200743 0.2569814979143608 0.004643234396167628 0.014312823874123382
0 0.23164511052782152 0.508908392963272 0.026344494007106256 0.05697069324473993
0 0.46698730975959596 0.8046166209071635 0.06268810775648763 0.08187985811184965
0 0.2377036807450666 0.5727904202611679 0.0226086623699004 0.030257998920265906
0 0.1299266016520521 0.6325130228220758 0.016396283921197963 0.045432415946843815
0 0.22494697393851873 0.7115024668373954 0.028814396766068028 0.044670952344038284
0 0.4200956575086604 0.4504362122093042 0.041594357756487635 0.08052810919158367
0 0.996484375 0.434375 0.00703125 0.071875
0 0.977611628506503 0.6187735487310831 0.01504182383528967 0.03444485117201914
0 0.937755711783389 0.653845407152087 0.018286332541716986 0.05178254549649317