0 0.21077912680952818 0.3584094857342309 0.029543286831702886 0.012283830231458381
0 0.5157831151472344 0.20367171288445346 0.060861176266007 0.05503641046291676
0 0.7281970560593068 0.32233493693430404 0.07928495257436623 0.06368581844463392
0 0.8431545626363967 0.31503287831202353 0.07169996572854576 0.06722819540910478
0 0.40544449011194084 0.17180210959607517 0.08135568678935065 0.059107480355292806
0 0.96640625 0.228125 0.0671875 0.11875
0 0.7466452492492793 0.07916605676476288 0.038265839448421345 0.02827270326698752
0 0.544928071703148 0.17816121360832451 0.05145608418674961 0.027328787427387268
0 0.3375 0.157421875 0.0359375 0.04765625
0 0.7420672886765247 0.030683611148515765 0.06004212891096028 0.04097391046291676
0 0.8215125939946664 0.08463905697190528 0.07666818678935065 0.058889156533975216
0 0.09140625 0.989453125 0.1203125 0.02109375
0 0.9363066242139858 0.5876367014094701 0.01833277104668731 0.007086907981717516
0 0.8834280360456888 0.5791917317028457 0.013645271046687312 0.006868584160399749
0 0.932062957120611 0.6003004442754583 0.02154877630835923 0.008794957195929065
0 0.9022235386765246 0.5775371864175753 0.011165013154179703 0.004415672249740865