0 0.5696641643896034 0.18330954446326286 0.0074315103390823365 0.009208904665416639
0 0.15415688461295657 0.7657772822340734 0.035395998552257966 0.05833947177194432
0 0.21178529404241608 0.7334719216309251 0.03247005169541097 0.04563442021680544
0 0.43001085132165295 0.7962217731624299 0.02436645326698761 0.03870091503300923
0 0.45959236259174857 0.7046637707119437 0.02109590405277597 0.035302512959490696
0 0.4310435234689501 0.6095761546421753 0.021586055624352517 0.02912086347787035
0 0.4625643899896401 0.868706792601666 0.027074076302516924 0.046718466588148114
0 0.5080727120536294 0.8100538997412029 0.030562949338046153 0.05480436866166656
0 0.5344703342628436 0.6501365222907167 0.03316141046291676 0.06047817021680544
0 0.5534011937542204 0.6389546602502074 0.01359161910658777 0.024531108294073966
0 0.5536344801481505 0.5938472118053463 0.027292400123834427 0.05140596658814811