0 0.1293302442258783 0.09861859723436384 0.037770809093554014 0.07049885236113215
0 0.17166139437565953 0.1449805128272125 0.01291445924333523 0.024282382513557365
0 0.18652904308797175 0.13998647364869896 0.009071982122152633 0.025040906615858206
0 0.196063410816038 0.1189381754440971 0.009980777879787083 0.026607951795398144
0 0.21305147551453593 0.07839271608604373 0.008035640606883377 0.021911361436318444
0 0.21510831202883515 0.1010716919837428 0.007525457576345218 0.015661361436318445
0 0.2244753243017387 0.09643646154845058 0.006489116061076316 0.012531816256778683
0 0.22203597945248976 0.11674441636891082 0.004799070303441866 0.01096022589769916
0 0.22277741975496176 0.1315995293177603 0.002981478788172609 0.007826135538619461
0 0.6073681528555412 0.23384529751723085 0.036096738790112326 0.0595568071815924
0 0.6446046223303371 0.09845068603181444 0.01631052621279707 0.01805510841125635
0 0.6622863943756595 0.1020708501612301 0.01747441348570078 0.022747153590796286
0 0.6786926443756596 0.10216629893156606 0.007525457576345396 0.015661361436318445
0 0.7201386396042107 0.06840691031878662 0.009071982122152633 0.025040906615858206
0 0.46311524839335316 0.7869586741279577 0.029798941365487865 0.04936874092481371
0 0.4854928305106566 0.8910444587197801 0.015879962577315256 0.04147897287263689
0 0.5417263393046483 0.7287944435944697 0.01851075500096986 0.02587669877033596
0 0.5483035137707157 0.8253629044159562 0.007653003333979847 0.017223861436318443
0 0.5513487009687287 0.797633074595496 0.011798369395056163 0.029742042154477667