0 0.24473295782500046 0.14995811176768825 0.04889209488975697 0.021787262820281584
0 0.29856647264263936 0.14432238782253623 0.03386650693385409 0.013283404052775793
0 0.42400223052642405 0.1236202819505147 0.021275587955902786 0.008794957195929065
0 0.6278997152338199 0.4718556135250166 0.03481141109416672 0.02035104135632899
0 0.6733297566947748 0.4411931376153938 0.024473323138263937 0.012065506410140791
0 0.7708489750174656 0.3971552123677248 0.025999455547083272 0.010575781017246655
0 0.34341985832776106 0.903246796735267 0.03980803561920147 0.033850615177646405
0 0.3270850370893582 0.8398756555027725 0.05486999116628475 0.04391697394515219
0 0.3303727114340978 0.7963161503332314 0.05957567496187508 0.044916547766469604
0 0.3339695103038721 0.7660378951636904 0.05141768284565984 0.029708924730940466
0 0.849774062023438 0.6234822719210188 0.0134267203647223 0.006868584160399749
0 0.7022444453821879 0.6021980849889693 0.011046602773541636 0.005196922249741043