0 0.3989792470900221 0.3660181638758915 0.026322419467652302 0.014181551088459088
0 0.49182199239425195 0.3470263610157428 0.019849584980972067 0.008494546279135661
0 0.5115210329075716 0.3422532982204613 0.02928825197716627 0.01038442849312098
0 0.5075929017289267 0.31286093674138227 0.016660917984777514 0.006822918874474127
0 0.5022760254931977 0.30682422970880696 0.011128500988583312 0.005069445916316084
0 0.39659902845894734 0.3171763979503088 0.016660917984777514 0.006822918874473949
0 0.414887442736538 0.306503037378279 0.014253500988583134 0.00517857332097762
0 0.4006498584970034 0.3017150890573014 0.011973417984777513 0.006659227767481468
0 0.4141148157593716 0.2971143964526964 0.009534167490486033 0.004233632213985139
0 0.42617644051222586 0.29636539014576047 0.012691000988583312 0.005124009618646852
0 0.25141519174795485 0.7383681401881695 0.007254084486680412 0.00571428666048881
0 0.6049798962917193 0.7807751230390514 0.01200525148287479 0.007440477767481468
0 0.583984375 0.7703125 0.00859375 0.0046875