0 0.28908590508848786 0.3480784520650849 0.01337329528527027 0.01962408514929388
0 0.29113430645292204 0.2788558815823386 0.016862168320799585 0.027655106436617415
0 0.28908590508848786 0.3480784520650849 0.01337329528527027 0.01962408514929388
0 0.29113430645292204 0.2788558815823386 0.016862168320799585 0.027655106436617415
0 0.6817892315981472 0.378844809926698 0.017953787427387447 0.051092606436617415
0 0.7448874680539946 0.40402762131682923 0.019987168320799498 0.027873627723940687
0 0.7229535789931132 0.47107586859288836 0.02071491439185813 0.043498627723940864
0 0.24779641408227188 0.6319612332013282 0.021423389784752268 0.04199075804577168
0 0.587890625 0.912109375 0.01640625 0.10078125
0 0.6886524306266071 0.6622179076872898 0.04902400496239867 0.08285605866619025
0 0.6923081618104695 0.8866387534802455 0.04985875889134021 0.06734031930985207
0 0.7738022184682792 0.7692816446978397 0.0505137303552929 0.08140281930985208
0 0.7483152400774571 0.8537168108474908 0.017007717535011225 0.030780106436617417
0 0.7839798353008102 0.8620891806517108 0.019768844499481998 0.023186127723940863
0 0.8335807098865254 0.714285283191493 0.026765861248705038 0.05638103997675685
0 0.8877962519667253 0.7114141503978229 0.02500430810555194 0.06871714901126431
0 0.96930952140429 0.7198573940291484 0.019225188998963992 0.044951867080279054
0 0.8642580904703513 0.8633919136393746 0.03030823821317572 0.04884169158591121
0 0.8316746266571391 0.830937369639732 0.02618366439185813 0.04388103997675685