0 0.7830176944223141 0.12670674059418588 0.0478471540022273 0.01862587551672874
0 0.6561602950946547 0.1744347460733132 0.07467328333863606 0.04251929383752824
0 0.5256639994231096 0.14455573211487582 0.029078972668681757 0.016190080231458383
0 0.5012861627545868 0.13201186352501662 0.033012494668999894 0.01871576674922295
0 0.4393222384229504 0.14740465415747445 0.025953972668681758 0.016044531017246656
0 0.4290114470878141 0.13459643910366248 0.027443747334499946 0.009867305624352517
0 0.38020949940322407 0.6245117708875614 0.022819882001908987 0.015117731803034929
0 0.34912740306729234 0.6068084443779022 0.021230110001590852 0.012701207195929065
0 0.255272860399406 0.6021905458042536 0.019622156667727354 0.008722182588823202
0 0.25015382739892883 0.5989114382773476 0.014135225334181812 0.00690497146395277
0 0.20761661039940602 0.6044101713209822 0.021202838001272716 0.010357457195929065
0 0.377734375 0.5828125 0.04453125 0.0171875
0 0.609326203095132 0.8240569295931499 0.059230096674090585 0.05741654776646961