0 0.386802826700988 0.2029829615746423 0.013417617694751627 0.008896638939893542
0 0.243420132301953 0.16852776195879376 0.011814207386326192 0.006425343182258914
0 0.6267838315706044 0.24601593573629818 0.039635244317957154 0.0360011439408634
0 0.6893843329919389 0.11220716179446502 0.017405688311602673 0.013903003333980025
0 0.6844153021477403 0.11887168550677725 0.01111477800317715 0.011049070303441866
0 0.6736891720746054 0.13187388081021895 0.01667898538950343 0.01696423045516262
0 0.6618173506453278 0.2361149061895212 0.02932898985373029 0.026578346516238936
0 0.3251667844927037 0.9444526621085749 0.05449263108743239 0.03799407863839157
0 0.5499483934608725 0.8558922929430397 0.0760773047885385 0.06784094636645754
0 0.6757599839648736 0.7353091772564164 0.06097445616851012 0.05178551166892973
0 0.5789989194354549 0.7721551506691663 0.06086536201270887 0.04553551166892955
0 0.7452767100205338 0.6615689817234538 0.04107501339268058 0.029097439698497853
0 0.7287983220332427 0.7035969850574336 0.04977785754848192 0.03604894136548786
0 0.7533500829902913 0.8103413215717328 0.10177673417168745 0.06525795136742758
0 0.6074221540141794 0.6524805083952928 0.04663922077900677 0.03501259985021878