0 0.3282885852791919 0.2894480046710407 0.01584396034569906 0.0346340986200282
0 0.30143357442538576 0.30672216660267165 0.008358069279472247 0.018886367694751625
0 0.29073058089144765 0.3284042747600616 0.00945756802583091 0.02983750446422686
0 0.2750774944899631 0.38143865868851534 0.007713211599340219 0.023560230925276572
0 0.26642390851744346 0.3526687763832671 0.008358069279472247 0.018886367694751625
0 0.2524637027573446 0.35642986323382003 0.0034432487463586627 0.01099204707790058
0 0.2530104462912828 0.3349250330796073 0.0034887128529813793 0.01255454707790058
0 0.2477887430384662 0.3166474786964583 0.0033977846397361235 0.00942954707790058
0 0.831640625 0.396484375 0.03203125 0.06640625
0 0.05267129707638789 0.6023397195661337 0.011801318025830908 0.029878414772652385
0 0.003125 0.501171875 0.00625 0.04296875
0 0.8699261954998599 0.5394743910351265 0.014372388558944316 0.037731825081077905