0 0.29400109307199196 0.09964155811991579 0.026142126437360958 0.04103111374938138
0 0.9878382131710197 0.19976825051005606 0.009247860885972159 0.01681568577564878
0 0.9819983162812974 0.195408299130575 0.006494007775694399 0.012005355042954236
0 0.9953125 0.087890625 0.009375 0.01640625
0 0.9845754493398158 0.10817443238474675 0.007480309330833279 0.014390048620519024
0 0.9798780331522693 0.0952002592164833 0.008056507775694399 0.012087242198083815
0 0.975132098821436 0.10944700531552529 0.005576056738935265 0.010401911465389269
0 0.9737162160457415 0.12118622710430778 0.006562358294074144 0.012786605042954235
0 0.28241054498046436 0.8673607849970809 0.039979742507129504 0.06586401741285464
0 0.279938593071992 0.7578391604493364 0.03239212643736096 0.0413586623699004
0 0.21839992702585756 0.7101270177535686 0.022919381621157343 0.04863889586155708