0 0.312547375715427 0.07031903937055821 0.04387880261671846 0.016375022321134303
0 0.27413768761065843 0.0150733189969408 0.03216005261671846 0.016170470779006862
0 0.236328125 0.00625 0.04765625 0.0125
0 0.4423682599939399 0.37024669866303866 0.032804794724210676 0.013840357548481919
0 0.4643496758071904 0.3448375955787835 0.01373627630835923 0.008044325081077908
0 0.08348920727134068 0.7217082155072962 0.04281683155591374 0.02494149878218401
0 0.23265860200261007 0.7249697859222765 0.05177460260260105 0.03134150324641087
0 0.2634689862458295 0.6900220416043192 0.06334913943430394 0.04246991801906326
0 0.2979770060123926 0.6581379318237239 0.024946792093374626 0.012922739853730292
0 0.25369253235604533 0.6295842607601208 0.023338789462538756 0.012114216314779824
0 0.1567797350009986 0.6171990834055665 0.02967979472421085 0.013785810470581339
0 0.23324003633759274 0.5939672248427872 0.01212827367752336 0.007235801542127618
0 0.36489570737722143 0.6053549409556962 0.013690773677523183 0.007263075081077907
0 0.3748016929076238 0.600880787952519 0.012037268415851444 0.0056733015421276175
0 0.35772409684681905 0.6097813652657103 0.010429265785015573 0.0048647780031771505
0 0.3591277021508432 0.5667444314183344 0.013690773677523537 0.00726307508107773
0 0.9061241640037222 0.6224731672132273 0.020077281570031146 0.009715919236879245
0 0.672582163862548 0.77513806575053 0.07185188417263219 0.04105742248329012