0 0.22902646289579803 0.4134401382613282 0.012718254809323426 0.006613712852981379
0 0.08760781657032872 0.3760884135320085 0.017405754809323427 0.00675010517284953
0 0.7527380094490108 0.24964859131628891 0.046830359981466604 0.02243494114536908
0 0.5990351287326382 0.2729388498939219 0.04047123257680489 0.019128084718878214
0 0.5326635950673742 0.31480208946908056 0.024818950725639423 0.01789219365265158
0 0.3090673823608352 0.6472103903396457 0.04677579627913566 0.02087244114536908
0 0.28297610831421804 0.6777329646336827 0.05157242368379737 0.02413383346523723
0 0.12830598304014096 0.5719578488381363 0.040362105172143004 0.01600308471887839
0 0.31007805545406947 0.5846762922596787 0.03869047776748147 0.012832620612255674
0 0.7753421849469068 0.7637505437444292 0.07143105589778251 0.03407713479802066
0 0.7356956143470768 0.712155119918928 0.024600695916316084 0.011642193652651577
0 0.7428273126680546 0.6982858423720744 0.02524553666048881 0.007758675705962758
0 0.7649069265517954 0.693062964864792 0.026835318511654195 0.008585389812585654
0 0.8070175428401978 0.6852947547169487 0.022093254809323427 0.006886497492717502
0 0.7849701726495211 0.6783968911975755 0.015843254809323425 0.006704641066226813
0 0.7911160070867581 0.6703642565974105 0.012690972958158043 0.005832462852981379
0 0.7708580707890891 0.6682107232113157 0.011073909255827274 0.0042244987463586625
0 0.7565277141193334 0.6642745552250559 0.007894345553496152 0.0025710705331134067