0 0.22968328663492593 0.24476392558942645 0.008680108411256349 0.015545251666990011
0 0.23199216646710666 0.03705507263474876 0.0071085180521768265 0.013855205909355383
0 0.22968328663492593 0.24476392558942645 0.008680108411256349 0.015545251666990011
0 0.23199216646710666 0.03705507263474876 0.0071085180521768265 0.013855205909355383
0 0.8573739615484506 0.3605085480889416 0.011859650565734015 0.025175343182258912
0 0.863188145193476 0.4194371379372207 0.010242608411256349 0.015672797424624463
0 0.24882391163492593 0.8242122450593733 0.01817782825883114 0.03740427621279707
0 0.2681551737351743 0.7882429230889416 0.00869828912941557 0.01867025166699001
0 0.24882391163492593 0.8242122450593733 0.01817782825883114 0.03740427621279707
0 0.2681551737351743 0.7882429230889416 0.00869828912941557 0.01867025166699001
0 0.9536828262553207 0.5424519975598582 0.026026689695149586 0.04429200500096986
0 0.9845629150036735 0.6106679802859848 0.02043521984757497 0.022751844849248925