0 0.38671875 0.13916294223883482 0.009375 0.012319527297895937
0 0.566796875 0.553515625 0.00546875 0.01484375
0 0.53984375 0.66022461751569 0.01796875 0.0433389898209672
0 0.519921875 0.5327760907576612 0.009375 0.03263202729789594
0 0.5046875 0.5669560776485802 0.00703125 0.012169332973421909
0 0.503515625 0.6039903554863433 0.00703125 0.018419332973422086
0 0.98828125 0.7352042323366572 0.01875 0.05120155459579188
0 0.922265625 0.7360518838639734 0.0078125 0.021594397748246584
0 0.912890625 0.7436542315660775 0.00703125 0.016856832973421908
0 0.9390625 0.9019720265227036 0.0109375 0.026482156847545114
0 0.9171875 0.862288962827613 0.01328125 0.028194851172019142
0 0.90859375 0.8797070003045417 0.01015625 0.020182092072720613
0 0.899609375 0.8584281303940582 0.00859375 0.01851946252307126
0 0.897265625 0.8430435610695841 0.0078125 0.018469397748246585
0 0.880078125 0.8665515110234416 0.00703125 0.01529433297342191