0 0.452734375 0.192578125 0.01328125 0.08046875
0 0.3791569472367183 0.2726560609336186 0.017629896413374268 0.03993010841125635
0 0.36723859637403333 0.21396913475305251 0.01630234319506556 0.03211306323171659
0 0.3343632533050185 0.20908846462261063 0.004889595792955603 0.014085225897698983
0 0.3411267055345915 0.17942823569984948 0.007451867080279229 0.017223861436318443
0 0.33701550083317927 0.1543941468533009 0.0062335745056321555 0.010969316256778683
0 0.6883464589272235 0.26741028517149273 0.02008290705703608 0.04150624394987581
0 0.35609918257017065 0.8996114585233885 0.021208364482389008 0.03526533430895533
0 0.33338562532897614 0.9170645910860437 0.017739157057036083 0.04149260841125635
0 0.2969264603522193 0.9410810805965223 0.011450952229573019 0.029742042154477843
0 0.5982886315331625 0.8486282084742905 0.022535917700697718 0.043082379488495096