0 0.11542665879249095 0.4594025971576244 0.04060764183263199 0.024428303516057782
0 0.078916239918017 0.44069336751569 0.018323414065150524 0.0113077398209672
0 0.06312754881102442 0.4350045720191968 0.012690972958158043 0.006269786397194466
0 0.5079142757138656 0.3448593788528987 0.021666668874473948 0.017757998920265906
0 0.4412996945883396 0.35696005821797794 0.030424109981466517 0.022996211443336988
0 0.5079142757138656 0.3448593788528987 0.021666668874473948 0.017757998920265906
0 0.4412996945883396 0.35696005821797794 0.030424109981466517 0.022996211443336988
0 0.5861434412766287 0.9282365330011085 0.04381448738612832 0.02697231261535631
0 0.5925583604251796 0.8440716852990044 0.03745535998146661 0.023446794416759075
0 0.7034846921412689 0.7950560452611679 0.01988591406515052 0.011407869370616552
0 0.7452493234482047 0.7856501681016995 0.01352678666048881 0.007882351172019141
0 0.7609747717691825 0.8006889312107806 0.031822918874474124 0.01840884099298634
0 0.7067498186388812 0.7769469941352913 0.02462797776748147 0.013270758019564611