0 0.05923659627872642 0.05215951496400741 0.021209936680159913 0.03328286937061655
0 0.7344341304828378 0.3851506913205968 0.012619508706427317 0.01793847162236979
0 0.3864779873348142 0.826950560229788 0.021001896766068208 0.044170304595791875
0 0.3212214795328981 0.8381872513150593 0.018825243102595125 0.03235142504614252
0 0.2929055893813214 0.8662615877583966 0.028978171076327542 0.04779595234403846
0 0.2456692808669505 0.9222001083471749 0.018825243102595125 0.03235142504614252
0 0.2435811584111419 0.8823563583471747 0.015495525214770645 0.028244915946843818
0 0.2215423841008824 0.8806331720422653 0.0069050972410380496 0.012900518198597232
0 0.22923703640758877 0.8554480521317818 0.008508540818602838 0.013781897748246586
0 0.22815203160211955 0.8347449271317817 0.00764540366347326 0.012169332973421909
0 0.59375 0.49609375 0.0140625 0.0125