0 0.2303557729716516 0.4061207941975812 0.01698237364928836 0.03680510841125635
0 0.2319857978940057 0.48774323847942186 0.0078047947242108505 0.013322156615858205
0 0.7264713377447741 0.12357366631981286 0.041686242036904984 0.07209316861791085
0 0.6875866311182731 0.17333049921443316 0.013910581555913737 0.024291472872636888
0 0.6725153679640936 0.1693378908031767 0.010095336817585477 0.025831246974937903
0 0.6615666745623596 0.14896857605892908 0.011748842079257216 0.027402837334017605
0 0.6420812917051453 0.10941545710905327 0.009913326294241642 0.022706246974937904
0 0.6414704943148051 0.13245096916020377 0.00876805524755433 0.016451701795398142
0 0.6322586061606256 0.128492449595496 0.007023544724210851 0.013317611436318443
0 0.6357626732469417 0.14842796013411536 0.005324536831702887 0.010964771077238922
0 0.6358687245482421 0.1636577899545756 0.00279877630835923 0.007826135538619461
0 0.61796875 0.5640625 0.0203125 0.009375
0 0.6069195235010554 0.6380676979356712 0.025067889434303936 0.041538060206654445
0 0.6476382878647723 0.7538904132456528 0.028610118387616623 0.035310786104353474
0 0.7467992482963526 0.8540429372006599 0.03154540258848364 0.04548067164297294