0 0.07304874710861249 0.5875966590794224 0.0059144189733608245 0.01109662437317951
0 0.029946733497003386 0.3264306642918431 0.0044155859695550245 0.012613660266556793
0 0.05198090098748942 0.3297004167991256 0.01029817144481875 0.022929034639736123
0 0.0855520877553472 0.42414909877329465 0.005978085969555025 0.012659124373179509
0 0.0566816591433005 0.36828136358588015 0.0059144189733608245 0.01109662437317951
0 0.7635663873758802 0.2250177542231421 0.01718484140676253 0.03873589106622681
0 0.17389305167206137 0.8507894697812617 0.018397172927693363 0.03018760517284953
0 0.3347065235160315 0.9102487289857152 0.005978085969555025 0.012659124373179332
0 0.34860586813568933 0.9634233731860451 0.006950336958138337 0.01736935642649069
0 0.25977019051222583 0.913993506103604 0.006791169467652303 0.013463106426490689
0 0.28300939579742773 0.8988470534776081 0.006663835475263546 0.01033810642649069
0 0.2871935242574688 0.915151009237707 0.007381418479069169 0.008798338479802048