0 0.371484375 0.2875 0.00859375 0.0046875
0 0.3854592334383013 0.2802870308150681 0.006704641066226813 0.01613518303053816
0 0.39039796027919194 0.2481681092239386 0.005809730799670021 0.012165160151720755
0 0.926953125 0.28515625 0.01015625 0.009375
0 0.2131427899835055 0.760237287712549 0.047722097651002215 0.08651132697140156
0 0.3076872375949364 0.8202583265727027 0.02071331677218975 0.0422193219704317
0 0.31374936948996324 0.7594643477845301 0.018923496239076344 0.03427927621279707
0 0.34550783485022707 0.7474746597530221 0.005877926959604096 0.014508910151720756
0 0.3360843649043631 0.7196605364200119 0.009116587226160888 0.01867025166699001
0 0.3376893231717446 0.6940785927835602 0.007372230799670021 0.01229270590935556
0 0.8750200070263755 0.45228938316577183 0.020022994985435007 0.045280549091614476
0 0.911068161453691 0.4262451828613603 0.007372230799670021 0.01229270590935556
0 0.8981207063204126 0.42534431036184517 0.013250157759274295 0.026801616061076318