0 0.14283395151147538 0.2050209399486766 0.014354093939826385 0.04710014294638576
0 0.15734391413458315 0.08598705872489924 0.015317181895729347 0.05497184253146727
0 0.16774531876986085 0.09303625312349961 0.013063697663298512 0.025165943361304243
0 0.18526823917270807 0.13036494337291513 0.0075585800721180265 0.023189046265733638
0 0.13562832242741277 0.29604239264564675 0.014281358757465413 0.043975142946385756
0 0.15392405414284677 0.3001679578950622 0.01580749116628475 0.04253104211654879
0 0.17907861640536424 0.29542171961767066 0.007485844889756876 0.02006404626573364
0 0.63125 0.073046875 0.0234375 0.03828125
0 0.640234375 0.288671875 0.04140625 0.07421875
0 0.7465690884793227 0.14056198725170638 0.014317726348645898 0.04553764294638567
0 0.755898302385156 0.1600519820652253 0.00815799211621524 0.015435745850815152
0 0.7545984876056421 0.19908488227268445 0.008194359707395904 0.016998245850815153
0 0.7417978017680206 0.24468126349646183 0.008339830072118203 0.02324824585081515
0 0.1858627521389405 0.8060326992843425 0.022893292553055566 0.04540758838228243
0 0.7340031589584198 0.7852878577901714 0.021403527735416716 0.048414189212119395
0 0.8069415843952601 0.7618575694102114 0.012464285619201477 0.032919243776222726
0 0.8169806195394962 0.7172258646386488 0.010047800436840148 0.02961664502097818
0 0.8060703952328817 0.7152251954475075 0.008230727298576568 0.01856074585081515
0 0.8180417587399997 0.8061345379789749 0.00830346248093754 0.021685745850815154
0 0.8340398531547913 0.7744764298880643 0.004124455547083272 0.009670997925407576
0 0.779135780633663 0.6955750849696547 0.009756859707395904 0.017116645020978184
0 0.8562593654554338 0.8117696926479688 0.002525587955902786 0.007990098755244545