0 0.7229438878031308 0.1676723630774138 0.026046634028083736 0.05290744766329851
0 0.6746316287750471 0.21893417723979222 0.025610124409436708 0.04040744766329851
0 0.3888603090822665 0.8666826526385074 0.020922624409436708 0.04029834488975688
0 0.391796875 0.682421875 0.03515625 0.05859375
0 0.36817457536674425 0.6418001940994623 0.010193455534962936 0.02365570554708336
0 0.3316815146596383 0.6792631732978999 0.009357641832631991 0.022075021751493118
0 0.3014682084453697 0.7719952073500351 0.010357146641955417 0.02834320554708336
0 0.29332709818982605 0.6916625092117713 0.005850695916315906 0.011064786569131967
0 0.3294283058553735 0.5646645779331776 0.005905259618646852 0.012627286569131969
0 0.32667161084610685 0.5540449677508165 0.0042881959163160845 0.011028418977951393
0 0.33228048734371923 0.5725498131155387 0.004233632213985139 0.009465918977951394
0 0.2904340104832871 0.5618022631536637 0.005905259618646852 0.012627286569131969
0 0.29562250748806224 0.5251744321316151 0.005796132213985139 0.009502286569131968
0 0.5067620824959114 0.7280526444703824 0.00674107332097762 0.0142079703647223