0 0.1421115376290059 0.2665793757108511 0.048788814514629665 0.022966027735416717
0 0.16970921159224658 0.268787400454306 0.022900257775694398 0.012227896276527872
0 0.19645214981092707 0.24944740691319484 0.04382791244111104 0.01973192496187508
0 0.3447720726196307 0.21845459289298663 0.04715796399624992 0.022148410144236054
0 0.34911268480155205 0.2001588611775526 0.026874858294074145 0.013100065254479177
0 0.28684713065451495 0.20497234132592065 0.01872060570217595 0.00901197729857639
0 0.48815234278916797 0.35487521684934054 0.04807591503300923 0.023729093939826383
0 0.2811586319504641 0.8069735386564243 0.06920862125356475 0.033576872625173594
0 0.24218874154048714 0.791583948183525 0.026298659849213025 0.015425631458888844
0 0.1817249142077788 0.7936994209230734 0.024736159849213023 0.015389263867708359
0 0.11887359969314923 0.8141560848670318 0.03815411088597216 0.01726088839274311
0 0.05398062302023252 0.7774178446506775 0.01872060570217595 0.00901197729857639
0 0.6892386902681722 0.9204862789212331 0.01056635311027776 0.004923889342673604