0 0.027983728253603513 0.4894629253063082 0.009384923683797375 0.022706246974937904
0 0.9278634160064761 0.41649279747763773 0.009330359981466429 0.021143746974937906
0 0.9108718508065328 0.43339193901728346 0.009221232576804895 0.018018746974937726
0 0.3915129709972094 0.8021260308888941 0.007740578130301046 0.020353406615858206
0 0.37684159118788596 0.7959601167103806 0.0058779777674814685 0.011750566256778682
0 0.39810771137856255 0.7895851242730358 0.005905259618646852 0.012531816256778683
0 0.42239713864814804 0.7355266107584523 0.008385418874473949 0.016451701795397965
0 0.40225204699692585 0.7180621152469475 0.0058779777674814685 0.011750566256778682
0 0.39329991568999 0.7302260324014253 0.00595982332097762 0.014094316256778682
0 0.3936037332945951 0.7165496122218854 0.006550100362819578 0.008630111436318444
0 0.3883532381039185 0.7228314284786641 0.006550100362819578 0.008630111436318444
0 0.38513771346673814 0.7314456317865933 0.004987600362819755 0.008621021077238921