0 0.12456174090511514 0.041877182580909535 0.02825143058439803 0.04778728997675685
0 0.15170415751689728 0.14355162014393494 0.008876713996249919 0.0215854228964778
0 0.678515625 0.006640625 0.01171875 0.01328125
0 0.6752284233511101 0.11648138573127528 0.017968041470370365 0.0633740851492938
0 0.6669179916121749 0.10580614767388194 0.01731393058439821 0.047022465471124875
0 0.10581545907203616 0.6439508218693047 0.024823634213055355 0.052982888367602496
0 0.11400530398238366 0.5245588245932457 0.011493866069768544 0.02487431386197043
0 0.11692082573069396 0.482445057328808 0.013095322290324063 0.03430394418380125
0 0.10471954967030062 0.4051095200759919 0.013427512959490785 0.02035070482746306
0 0.7963777735634243 0.864137817720368 0.020878427992499837 0.04338936708027887
0 0.7828723481628226 0.8251463735365668 0.030741443543888813 0.06737317029858776
0 0.8084977732806005 0.7896676954443089 0.014072061922731471 0.01884283514929379
0 0.7596675226917112 0.9726060635714315 0.028319781102777684 0.04856853997675685