0 0.022967783864858315 0.20733841489388888 0.03680510841125635 0.015698388392743113
0 0.1436231844796903 0.21273214347519076 0.024273292154477665 0.009938697663298513
0 0.1416973305569292 0.2080901029641665 0.016451701795398142 0.008194359707395904
0 0.20993171311958445 0.22798339585001717 0.016460792154477665 0.009756859707395904
0 0.18597177791292996 0.25119425161552067 0.02196135841125635 0.015352896276527871
0 0.2209825821676561 0.2753759808139581 0.031390900565734105 0.024946101823611143
0 0.2109285987073018 0.25803424515663165 0.0297784035907962 0.01631598423243048
0 0.13055529747763778 0.24350092610243035 0.033711924668035034 0.02109440321038214
0 0.8378703607584523 0.2315227038863017 0.021148292154477843 0.00986596248093754
0 0.8084712192188066 0.2497827212209371 0.011764201795397966 0.008085256933854267
0 0.45599845248276905 0.6531879370266316 0.013322156615858205 0.007340374525034754