0 0.227734375 0.6734375 0.023046875 0.026953125
0 0.26953125 0.672265625 0.051953125 0.021484375
0 0.305078125 0.702734375 0.035546875 0.021484375
0 0.327734375 0.679296875 0.0234375 0.01015625
0 0.351953125 0.7015625 0.0265625 0.01015625
0 0.444140625 0.67734375 0.031640625 0.021484375
0 0.771484375 0.570703125 0.0109375 0.0046875
0 0.507421875 0.580078125 0.012109375 0.003515625
0 0.51328125 0.558984375 0.022265625 0.008203125
0 0.6109375 0.5375 0.012109375 0.0046875
0 0.551953125 0.558984375 0.0109375 0.0046875