0 0.733984375 0.014453125 0.01953125 0.02890625
0 0.116478784233637 0.4038038068168902 0.008035640606883377 0.022202548620519024
0 0.11856029308797175 0.6522363237774892 0.008689344849248926 0.020680992198083815
0 0.11068389127120062 0.6141631136915808 0.008418277879787084 0.026890048620519025
0 0.1107474062741101 0.5364918150710619 0.007637027879787084 0.02684910504295406
0 0.10883402650266127 0.5022617786056727 0.007126844849248926 0.020599105042954056
0 0.10710417104749866 0.5186475568168902 0.00545277454580706 0.009620661465389268
0 0.1380274478642697 0.5579286024409622 0.006616661818710767 0.014349105042954235
0 0.131665877560828 0.5685794973980082 0.011304161818710768 0.014594766508343326
0 0.11062011839238331 0.6149443636915809 0.010762027879787084 0.027012879353213747
0 0.12021845240619769 0.651146335932619 0.007780549091614475 0.019077548620519025
0 0.1280547866495329 0.6272346627643556 0.004926616061076317 0.012704717887824301
0 0.6984789858909286 0.6805267591008823 0.010634482122152632 0.02545037935321375
0 0.6820326038485158 0.5984595485627185 0.007254390606883554 0.022161605042954058
0 0.7014682589992669 0.6198775251569701 0.003762728788172609 0.007976274310259513