0 0.4882343551410527 0.24104882963780644 0.05229569469946789 0.06777017319868044
0 0.39228477104264947 0.4379489102000497 0.008115388939893543 0.013485838479802049
0 0.38412145574017753 0.4228323755603136 0.007079047424624463 0.01033810642649069
0 0.3777357288485158 0.3619558857872992 0.0064253431822590915 0.011877874373179331
0 0.97109375 0.09296875 0.0578125 0.13125
0 0.8828125 0.9875 0.034375 0.025
0 0.8274093280101716 0.9529577962517116 0.021938643940863402 0.03960806927947225
0 0.79453125 0.979296875 0.0265625 0.04140625
0 0.7915192386209344 0.8266166051063426 0.01044316348570078 0.022906302586424766
0 0.7849662852120639 0.8205526416265403 0.010841776212797073 0.018241534639736122
0 0.7694290212721704 0.8334133486402806 0.007589230455162621 0.01658810642649069