0 0.22081030655311124 0.23951476947681768 0.01655395326698752 0.036977848620028196
0 0.24024418403431066 0.27966534679000893 0.018007291356328815 0.034661372158978666
0 0.20388930706984 0.286836918624676 0.008086481803034928 0.02277898092527657
0 0.18993166087494692 0.2218022538520236 0.016481178659881836 0.035415348620028195
0 0.19287262820281584 0.32684628692833567 0.005342471463952591 0.014144320616851048
0 0.8554914254525567 0.1028679547438804 0.025147703266987696 0.03712785308425506
0 0.8234762150515573 0.06913299573434876 0.021350615177646404 0.03940341923687925
0 0.7602291983023344 0.03524319094581028 0.016500449338046154 0.05258921185055314
0 0.8029571806220979 0.10624434780430639 0.013628006410140791 0.024436938311602673
0 0.20182265415521988 0.6611792867248172 0.03919524069437515 0.08733240462638267
0 0.6342842054363461 0.6030883228456692 0.006868584160399749 0.013390344155801337