0 0.4284969891154088 0.08476263250572869 0.011728673683797375 0.022910823138263935
0 0.373514317477378 0.32920394334335024 0.01167410998146643 0.021348323138263937
0 0.37447414411006663 0.2905411602411453 0.012673614790789855 0.027616506933854267
0 0.39236849959869585 0.2140147012271349 0.011865082939624471 0.026817073138263935
0 0.398633385124392 0.1799121315557981 0.01011160998146643 0.02131195554708336
0 0.3926189981010834 0.19566441812493007 0.0073859140651507 0.010319904160312454
0 0.413679259807906 0.24084021305281195 0.008330855172143003 0.015025587955902786
0 0.4051760344450862 0.2496248929065099 0.013045637023308566 0.01591594072944442
0 0.37405623725890125 0.2913315021389405 0.015017364790789856 0.027671058320624907
0 0.37509045840296074 0.32877695075216967 0.010838296279135662 0.019767639342673605
0 0.3883543502355927 0.3066110100227252 0.006686509618646852 0.0126454703647223
0 0.766015625 0.306640625 0.01328125 0.03828125
0 0.321875 0.996484375 0.01875 0.00703125
0 0.30390625 0.99453125 0.0203125 0.0109375
0 0.287890625 0.99453125 0.01015625 0.0109375
0 0.26312866094269866 0.9546692631568572 0.012619051088459088 0.02605400693385427