0 0.5328911677992465 0.2711310407582458 0.03576246572854593 0.06443521733768165
0 0.5307360400625297 0.16048416842374583 0.030400131541796327 0.039389764003817974
0 0.46979047027479065 0.10622310874838262 0.019963160480991428 0.04785624466899989
0 0.9511188240869288 0.17350606074949618 0.015518584186749607 0.025163632001908985
0 0.9098266951759687 0.21133277741086012 0.028640210466874018 0.06279090133672724
0 0.8929202807487233 0.25999727040895115 0.00789579998588259 0.014925566000954404
0 0.9229231755505799 0.32875208941356454 0.020918715728545933 0.06426249466899989
0 0.39788043202178897 0.7479793494191325 0.017346394695975854 0.043141472668681756
0 0.33923769126500825 0.7816952760781101 0.01666385523343692 0.031422722668681756
0 0.3211289452465557 0.8174464174092693 0.02534090521931951 0.04635737933640893
0 0.29405508741757647 0.8863188677394739 0.01666385523343692 0.031422722668681756
0 0.27937408475144687 0.8497952934038604 0.014092592079257216 0.027489200668363623
0 0.2578935623893416 0.8561904704009968 0.006196792093374803 0.01256363466740904
0 0.25707415052234506 0.8299913234006787 0.007804794724210673 0.013363066000954405
0 0.24957246366240718 0.8111413260661788 0.006932539462538756 0.011791475334181812
0 0.996875 0.756640625 0.00625 0.01953125