0 0.36296431967522197 0.34759255366788155 0.08879130409258415 0.04651328371934031
0 0.7748901703589357 0.01524537348138857 0.03890300333397985 0.018060322188333443
0 0.512109375 0.019140625 0.04453125 0.02421875
0 0.8750895411914609 0.034356763156857185 0.017107751666990013 0.008975609707395905
0 0.11937394527919594 0.9195389824294787 0.086638872729036 0.048802482332569494
0 0.22262629762989966 0.8582634491851037 0.04228309484924893 0.021258057370694416
0 0.17276968990377312 0.8290130134896522 0.03434304909161447 0.01951371941479163
0 0.1793862872535069 0.7957189695117008 0.014572683030538158 0.006577308320624908
0 0.14995387876877597 0.7932849537441314 0.01867025166699001 0.00901197729857639
0 0.1283179948298523 0.7813122838162496 0.012292705909355384 0.007304006933854268
0 0.6854530208131285 0.7667766785257113 0.019770366061076315 0.012936411094166544