0 0.53125 0.17109375 0.0375 0.021875
0 0.447240049516828 0.19220372200011804 0.0526983060063543 0.0212261635548364
0 0.48041392390792004 0.17092785268216099 0.01580227800317715 0.010428985389503254
0 0.43900480966309774 0.21655883969486975 0.021257391233702093 0.009743192775829712
0 0.6926130278046017 0.24797268364880018 0.03152273538950343 0.016170470779006862
0 0.5833178713514949 0.22293552476006157 0.04328239569792895 0.01871877232113448
0 0.6278403258967996 0.2002900472847145 0.04165171185055314 0.014785248782184013
0 0.5997562362052252 0.1984372209858206 0.01027898092527657 0.00720852800317715
0 0.6033877737457642 0.1917352305231823 0.01184148092527657 0.007235801542127618
0 0.6170323752068139 0.19305908705736688 0.01340398092527657 0.007263075081077907
0 0.635019603291069 0.16931475974417554 0.02439602800317715 0.010578989853730292
0 0.6071693157505299 0.1764394900605441 0.007099433847375991 0.00402898092527657
0 0.39206953409555245 0.796423617698047 0.04182898985373029 0.02494149878218401
0 0.255054729307014 0.8605151655867266 0.05053183400953163 0.03134150324641087
0 0.21243371692863086 0.8413433129078609 0.06166024878218401 0.04246991801906326
0 0.16699650893339663 0.8269066889221584 0.024436938311602673 0.012922739853730292
0 0.1962689746392686 0.7830495718363146 0.02286080154212753 0.012114216314779824
0 0.28110564773146673 0.7327554941177339 0.029138075081077908 0.013785810470581339
0 0.20087069988250228 0.7431376379889387 0.01184148092527657 0.007235801542127618
0 0.08339396347870143 0.8064976416407392 0.013403980925276527 0.00726307508107773
0 0.07245646347870142 0.8066885564133915 0.011814207386326192 0.0056733015421276175
0 0.09196725832448868 0.8075195121765123 0.010238070616851048 0.0048647780031771505
0 0.07271358502877201 0.7695859997981291 0.013403980925276527 0.007263075081077907
0 0.03772977171716927 0.7826928360397741 0.010265344155801336 0.00642727800317715
0 0.553125 0.94921875 0.00625 0.0140625