0 0.383984375 0.514453125 0.05078125 0.02578125
0 0.3952987930873384 0.4968726722519956 0.016456246974937905 0.009357883374611475
0 0.36614509124284245 0.4736278211352304 0.028983518052176648 0.014627580231458381
0 0.3997774752689308 0.46542254208245454 0.010183521077238921 0.0051605349461880225
0 0.6628382840612501 0.3540686842459623 0.024291472872636888 0.013628006410140791
0 0.8283749135006474 0.29441964454451786 0.019581246974937905 0.009503432588823201
0 0.9017874150131784 0.29529611301054254 0.027416472872636887 0.013773555624352517
0 0.9401322975267357 0.28257563513644907 0.04229658430895533 0.02071491439185813
0 0.9870800203993728 0.2678923969232733 0.016451701795398323 0.008576633374611476
0 0.9848339917594785 0.25120468383393213 0.01645624697493773 0.009357883374611475
0 0.9282501815037261 0.24407713834151945 0.02115283733401725 0.011138707195929066
0 0.046534300600895764 0.979874532157657 0.02585397287263689 0.013700781017246654
0 0.6177373953502747 0.8612455413585834 0.011800563231716587 0.014608309553293886
0 0.6268467627876195 0.8393427123677247 0.00705397589769916 0.004233735731976296