0 0.801171875 0.0046875 0.02890625 0.009375
0 0.8145257025080884 0.1376134537361735 0.03666047303029831 0.051353994317957154
0 0.8528015861188083 0.16784553734031568 0.04848596680652086 0.06326365909060953
0 0.8882484676549355 0.20203841802235853 0.015175636722608488 0.025231825081078085
0 0.9122474410978301 0.15742050609072766 0.014275987552445458 0.023655688311602675
0 0.9138910675477225 0.060388683241763094 0.016252884648016063 0.029151711850553142
0 0.9454738768857108 0.1365011698490825 0.007919243776222728 0.01184148092527657
0 0.9488083819719455 0.26825770738962157 0.00881889294638576 0.013417617694751981
0 0.9546265017854644 0.277934693388033 0.006356743776222728 0.011814207386326103
0 0.9435584859136711 0.2609176530064726 0.006238344606059698 0.010251707386326104
0 0.9870658598763751 0.2621139373006006 0.00881889294638576 0.013417617694751627
0 0.99296875 0.296484375 0.0078125 0.00703125
0 0.022941223142155565 0.4199876000430104 0.021958432988341946 0.032372169236879245
0 0.06900000696033448 0.44969269095240094 0.014690384648016063 0.029124438311602673
0 0.09316584637991313 0.469219099637621 0.00881889294638576 0.013417617694751627
0 0.08499185986476396 0.44393756879342233 0.006238344606059698 0.010251707386326104
0 0.7514191141141952 0.33315116315274224 0.011873037967363765 0.02283352800317724