0 0.06259636721576078 0.3680129515765905 0.0464639898209672 0.02060790258848364
0 0.08476246144794972 0.3986336200206768 0.05135174892026582 0.024005918373499212
0 0.2521984889765584 0.29392482675305837 0.03991360117201914 0.015556381541796328
0 0.0701171742017336 0.3053081897378288 0.03820090684754529 0.013121626280124232
0 0.9135615395625679 0.29650801233287183 0.014563147748246585 0.008631547355046721
0 0.4156910888381307 0.758905449157516 0.035326230721668496 0.016845865756780754
0 0.40064648095699384 0.7325400057204885 0.019250647748246585 0.008904563140062115
0 0.3798880451919514 0.7224632030684763 0.03023821252307126 0.01032284997176518
0 0.32825509523809393 0.7083471306499012 0.02388808297342191 0.008396328925077867
0 0.3576619929863406 0.6988510333089721 0.019250647748246585 0.008904563140062294
0 0.3550475339331844 0.6849932951477337 0.011137759099298705 0.003762036831702886
0 0.3764568117709475 0.6849138477997458 0.012700259099298705 0.003853042093374626
0 0.39511657541989537 0.6791570359751016 0.009575259099298706 0.003671031570031147