0 0.062181192160393015 0.3618282324262852 0.035326230721668496 0.015643837005972116
0 0.026393886484867048 0.3633355278291323 0.02741360117201914 0.013899499050069508
0 0.20934144162052598 0.3757845690994623 0.02917636027131785 0.017060866641250172
0 0.2772962499953874 0.32237026139597286 0.025550712523071263 0.009175631458888844
0 0.3739453597268382 0.3515327175601916 0.03200097162236979 0.012446101823611144
0 0.41126023981635457 0.3434302566463202 0.0464639898209672 0.01902341014423605
0 0.4580502494555203 0.33710850127953196 0.01748788864894806 0.005087543502986236
0 0.44282636643595585 0.3125715348567021 0.019250647748246762 0.008248911094166722
0 0.3703960067045049 0.28397277635578194 0.023787953423772733 0.006014263867708358
0 0.4512303493170927 0.2854641741993758 0.009575259099298706 0.003343205547083272
0 0.5444185460317477 0.15448818450644133 0.07113332279438911 0.02661835780753492
0 0.4859375 0.126171875 0.0328125 0.01484375
0 0.48702754819121596 0.11102781881512191 0.015975453423772733 0.0058324259118055725
0 0.5069144976052063 0.10485997250046912 0.01290051819859741 0.006540940729444422
0 0.5121777425156899 0.11395345027401085 0.01446301819859741 0.006577308320624908
0 0.4956969941352913 0.0819764250555906 0.009575259099298706 0.003343205547083272
0 0.36106702305278837 0.8205924952956083 0.03366360117201914 0.014044969414791808
0 0.2733964435492816 0.8341536344961117 0.019350777297895937 0.009811411094166545
0 0.5540678477759332 0.701440439113924 0.02217538864894797 0.005196646276527872