0 0.0015625 0.570703125 0.003125 0.01796875
0 0.012201995303025548 0.5090328769213948 0.013030621018452492 0.03638316897336082
0 0.87734375 0.01328125 0.0125 0.0265625
0 0.8643167741010463 0.03804921486811619 0.007160052616718459 0.015879667984777513
0 0.8722441242139858 0.1561943784042695 0.014782836817585476 0.02632241946765248
0 0.8915783176510134 0.17216358245374241 0.019326123649288363 0.03741908695813834
0 0.03460725180952817 0.9013072543928526 0.008214318401734033 0.02059900148287479
0 0.02148562552940376 0.9392529233662135 0.007797089448421346 0.026817167984777512
0 0.040625 0.994140625 0.00625 0.01171875
0 0.035965718994666315 0.9850369614080752 0.01097529735504672 0.014476335475263547
0 0.02153112816023963 0.9384716733662135 0.010140839448421346 0.026912668479069167
0 0.03610149786327419 0.9024154623966583 0.007342063140062294 0.019004667984777512
0 0.04055029130736063 0.9263954611609293 0.0046342920933748035 0.012659167490485856
0 0.8550885388529925 0.9765300888795331 0.010504860495108837 0.033162668479069166
0 0.8550276256705782 0.9508125058757274 0.0063788026167184595 0.015847834486680413
0 0.8639094374952224 0.9321347958947556 0.011650131541796328 0.03944450197716627
0 0.8750128084430877 0.8217875449061725 0.014502115756780754 0.03488433596955502
0 0.8972969676086612 0.7737260824537424 0.007106844710093263 0.028347834486680414
0 0.9088302189593727 0.8098877462370415 0.009958828925077868 0.023787668479069168
0 0.9130406703594952 0.8981776192598752 0.014782836817585476 0.026322419467652302
0 0.9230264677498354 0.9207629085374659 0.013174834186749607 0.025477502471457924
0 0.896179029539186 0.8665197482142079 0.006469807878390377 0.01741033448668041