0 0.23029272472742884 0.25049106845668073 0.03424884724103805 0.012695442720211858
0 0.346875 0.374609375 0.0140625 0.01171875
0 0.4560573645960921 0.34512737846694347 0.03174132293077854 0.009556807181592398
0 0.37203536804479453 0.3299864400879331 0.009579717887824302 0.003960792154477843
0 0.33203125 0.662890625 0.015625 0.01015625
0 0.25614423479062287 0.6529186438377437 0.042719766508343325 0.010401689695149586
0 0.2559633107178483 0.6345547236582039 0.04206134724103805 0.012740894515609825
0 0.26565203160211953 0.6106629661446465 0.019036605042954236 0.005577834308955332
0 0.5782587918346558 0.6972638019170351 0.039263895861557076 0.0189727137974506
0 0.6101168831963711 0.5521123953502747 0.026354460085908117 0.011087490924813714
0 0.5861830772261917 0.5651461935057787 0.023928822930778536 0.009511355386194253