0 0.011328125 0.184765625 0.02265625 0.02734375
0 0.06626688271729116 0.20782371199531938 0.05908583992388792 0.03360567885919252
0 0.02278746745111735 0.21268166110187642 0.025668503460041146 0.017424921939110403
0 0.18987217323061073 0.20740057144372487 0.019976918973360826 0.011733337452429993
0 0.9162827994663397 0.32958661269848194 0.025573002965749582 0.015081171939110405
0 0.8915892055881193 0.27866344125366316 0.06351867193911023 0.027546679847775656
0 0.8493639076604257 0.24730468260356045 0.01513025148287479 0.007636086463846681
0 0.773932826139495 0.2528105832881325 0.06476283695813834 0.019797846843970034
0 0.7128076309872706 0.7371935242574688 0.04770267095052709 0.022222509885831698
0 0.6851846732306107 0.7387978100750183 0.021539418973360824 0.011797004448624193
0 0.6586235025272295 0.7186066796378109 0.042106586958138334 0.018874675399151285
0 0.5109612880976332 0.6837316487445867 0.046108337452429905 0.02137759288963732
0 0.5070722841433006 0.6648543147521979 0.026258752471457925 0.012769255437207505
0 0.5693567433828352 0.671681952850925 0.01831891847906917 0.009325920456235436