0 0.14735170331485375 0.3228503399425316 0.014428486758448145 0.01717979472421085
0 0.179748576095116 0.1933602610174539 0.010232659654926124 0.0239380289391951
0 0.1917926130958305 0.26035070445448155 0.0038898245056321556 0.011119510523343656
0 0.1973024268317502 0.28726217946154026 0.005233803218308708 0.008085515785015573
0 0.1942566953951328 0.30300093603863 0.0053430638619705205 0.009648015785015573
0 0.07429430262649213 0.6503561082525022 0.012576409654925947 0.024074536831702888
0 0.122265625 0.624609375 0.02109375 0.04921875
0 0.7659704813490039 0.9116055149284141 0.015411832551403748 0.031242294724210674
0 0.7774898124754119 0.9082113517812932 0.01034192029858776 0.025500528939195098
0 0.8025226634641477 0.9285392623328719 0.008451638367602498 0.02072202367752336
0 0.7889379057965282 0.839074579419188 0.015302571907742113 0.029679794724210673