0 0.1338201256056127 0.11501803758179223 0.020953428165332966 0.0381391383676025
0 0.1292934025944925 0.07974431419094655 0.017678423701106283 0.02932686708027905
0 0.17224633603483125 0.25508316777757234 0.02162558400953163 0.031943768689433404
0 0.1318472299060362 0.33808401499552365 0.01295001339268076 0.02665533514929379
0 0.17636375324146797 0.423751222294826 0.01697899431795715 0.03395973675844814
0 0.17509246671522644 0.46295029809940313 0.02661309293798535 0.049459050620418665
0 0.1767055596532118 0.5105519177775723 0.008112508928453721 0.017733803218308707
0 0.1499794184195098 0.5030343487198218 0.011278419236879245 0.020296074505631978
0 0.11017569155307072 0.4408947996504498 0.009797739853730291 0.02487431386197052
0 0.12523851703953798 0.5196262690184096 0.0048647780031771505 0.010484031930985082
0 0.5101848924482228 0.4087155382120461 0.009661372158978665 0.017061813861970344
0 0.506426669842492 0.4398753799821158 0.008071598620028198 0.015390053218308709
0 0.74375 0.596484375 0.0375 0.03359375
0 0.6930381000364199 0.5988901110405809 0.022488654626382675 0.03668589901126431
0 0.672184970572193 0.5917440645690989 0.010401711850553141 0.01477269418380125