0 0.28726627229870616 0.11046722163400528 0.020667036004136108 0.03129642095052709
0 0.7754407902610033 0.24538008526529875 0.01593408267027261 0.02719916996194378
0 0.8291115039385938 0.1670600963868596 0.009602266669318026 0.019913251977166268
0 0.8414163282742073 0.15075664060736607 0.012836354670590744 0.029415585969555024
0 0.8678333776058438 0.16433897954267068 0.008003404002227299 0.016724584980972068
0 0.8712671866048891 0.17151348028410807 0.005605110001590674 0.011941584486680413
0 0.8209484659253897 0.2640392199039848 0.008003404002227299 0.016724584980972068
0 0.8379044275939125 0.2510517651130744 0.006413632001908987 0.014317167984777512
0 0.8373410799252307 0.26587959836402586 0.007167610001590852 0.01200525148287479
0 0.8468433492600488 0.25532410034119224 0.0055869286680454875 0.010379084486680411
0 0.852048743594867 0.24459351807882398 0.005614200668363623 0.012722834486680412
0 0.06972368895211582 0.549086711253882 0.03350339067472685 0.060712006920082204
0 0.09850748862191114 0.5272017589344296 0.012699994668999893 0.0176968359695552
0 0.08172025163113794 0.4585167552272427 0.012754538669636162 0.022384335969555115
0 0.8758950499284124 0.6454941611018764 0.015134651336727156 0.025604836463846682
0 0.9269081119311167 0.6276414634781942 0.028852253341817756 0.06364600593149916
0 0.9593984406031393 0.5894935119001792 0.007985222668681758 0.015162084980972068
0 0.9559879056134797 0.5131465526606446 0.0210579346753633 0.0648901709505271