0 0.3959137938397828 0.06883363240746103 0.037756865177646405 0.040945904567984304
0 0.35220550837686615 0.128795670229617 0.026074502481199247 0.04111300090451113
0 0.31170038265299504 0.10325177662933793 0.03445208271265763 0.07038774310259513
0 0.3479364044693153 0.2622870612857048 0.012773981803034929 0.02327040366347326
0 0.34290322508556254 0.26995459775109404 0.012592045285270359 0.01936415366347326
0 0.3252437671657624 0.26425567503508623 0.009357883374611475 0.01685662935321357
0 0.7578125 0.52109375 0.028125 0.0171875
0 0.732421875 0.515625 0.02421875 0.028125
0 0.7183355646226458 0.4714750749111726 0.029454213606069857 0.04674552521477064
0 0.6634490114794926 0.4618820689182789 0.012519270678164496 0.01780165366347326
0 0.41794499752105524 0.6584660204671019 0.020950354838564243 0.031492339439121865