0 0.12668908231813986 0.2992489646372726 0.030914418973360825 0.012356604838564244
0 0.1966414615196183 0.3223911160017067 0.023006418479069167 0.009648981803034928
0 0.2688566776792351 0.3627935419732468 0.016724584980972068 0.008576633374611476
0 0.22498200228008375 0.3194223775813887 0.027757585475263545 0.01142980562435234
0 0.6074310756452034 0.3358765726831618 0.04295150395433271 0.02071491439185813
0 0.6418524965957305 0.3577537267359377 0.06673917243340188 0.030400283498445903
0 0.6856674928885436 0.3422496780384547 0.019259335969555112 0.01337329528527036
0 0.45876610602554546 0.2755383282669877 0.054574753460041106 0.018916973945152193
0 0.48767566186190425 0.34394480293601076 0.04870675543720746 0.02800087551672874
0 0.4390625 0.240234375 0.01875 0.01171875
0 0.23834351807882398 0.85429064443531 0.01828708498097189 0.008649407981717339
0 0.6353458520712127 0.8315081158992628 0.01669275148287479 0.007795383374611475