0 0.41307480476459607 0.24270093221922745 0.026208225104890737 0.047270466314780005
0 0.38745995943359013 0.20392194013338374 0.03635281971095043 0.05759035754848192
0 0.36637878744291025 0.16209295027965348 0.010369737552445458 0.02358750446422686
0 0.32723868215153845 0.1985682154990581 0.009470088382282426 0.022011367694751715
0 0.28978438111192 0.2902238814895265 0.010724935062934371 0.02827500446422686
0 0.28764921358277495 0.21000257041003717 0.005516294191141214 0.011019320616851047
0 0.33359727115852067 0.08368355519063257 0.005634693361304244 0.012581820616851046
0 0.33166209055712115 0.07308895149746948 0.003953794191141213 0.010992047077900668
0 0.3357100505151648 0.09193440888379567 0.003835395020978183 0.009429547077900668
0 0.29516219449884673 0.07988353510161166 0.005634693361304244 0.012581820616851046
0 0.30263207499767775 0.043246605718462706 0.0053978950209781825 0.009456820616851047
0 0.85703125 0.914453125 0.1515625 0.17109375