0 0.5289410822446203 0.32690047869810607 0.04746776624206887 0.06250968262955965
0 0.44508936614155237 0.10830818872193512 0.03254217068857237 0.05990683400953163
0 0.4298153129649176 0.1410164358809137 0.01310020072563951 0.017405688311602673
0 0.47509805847208025 0.1953377201750417 0.012455359981466607 0.02129830154212762
0 0.8362339327966991 0.02466671002877203 0.022785224772256463 0.04880569277582962
0 0.8955953084296713 0.14636156778077253 0.04876737141421188 0.07736706939903507
0 0.877967598127794 0.2795627157108148 0.01900546034428636 0.030001145697928777
0 0.8675397742162531 0.3055416988682048 0.021485619600113283 0.03394830600635448
0 0.889171726755991 0.3653570296313256 0.018115082939624473 0.02686250892845372
0 0.8770809545234725 0.37729396794292824 0.011892364790789856 0.027534664772652383
0 0.6603349094254631 0.8960672873419633 0.02018601442797028 0.019090919236879243