0 0.09587133078669301 0.2140625 0.02124656930985207 0.046875
0 0.08966239452261267 0.24140625 0.011631268689433405 0.02109375
0 0.10574639841944773 0.268359375 0.017739157057035992 0.04140625
0 0.11651501759341376 0.416015625 0.021137308666190346 0.0453125
0 0.134573925823344 0.4203125 0.012740300620418666 0.02578125
0 0.13813578640889795 0.358203125 0.009068997402109957 0.01796875
0 0.9608468487198218 0.19140625 0.02380884059717552 0.05
0 0.07592822242087678 0.772265625 0.022699808666190258 0.0453125
0 0.06762155459412829 0.851953125 0.04063570767745457 0.0671875
0 0.0796875 0.49296875 0.009375 0.00625
0 0.1011977871652026 0.505859375 0.00995950804577168 0.01953125
0 0.569140625 0.801953125 0.03828125 0.12109375