0 0.01638177984886946 0.18575956547157527 0.011160334486680412 0.006169656847545291
0 0.7997891988036396 0.4072812611849378 0.07064542243340188 0.03179951495939477
0 0.734951413233236 0.3826054846576216 0.05454291996194387 0.0190794694629016
0 0.7484468746970826 0.36693566587301474 0.015879667984777513 0.007251295496493171
0 0.7693887509328116 0.35974957434016125 0.012786501482874791 0.007832286397194466
0 0.7733195407046939 0.36845859307862555 0.01434900148287479 0.007932415946843819
0 0.7270480478719218 0.3375281693429299 0.02850700197716636 0.011177331893687813
0 0.7613593808757274 0.33688781925064487 0.009534167490485856 0.004507027297895938
0 0.1291543759328116 0.7799345172757466 0.03719625247145793 0.014071794416759075
0 0.15622621190236669 0.7657323149317081 0.015847834486680413 0.006470045496493171
0 0.4508622326626134 0.9225540114156505 0.004814833992388756 0.0034253886489480577