0 0.32173744549538885 0.3361609773596195 0.008439982576804894 0.018332623035529315
0 0.3637203316116481 0.32833668796776133 0.006014387023308565 0.01587971112487061
0 0.5339856692757781 0.1198992574458527 0.022003974772256463 0.049383569892376133
0 0.494140625 0.2453125 0.02890625 0.078125
0 0.5144048505324557 0.3770867690255345 0.018224210344286184 0.030488020678164317
0 0.5270102606953321 0.40193158447224064 0.02148561960011337 0.03453981989237605
0 0.5107652291606528 0.4633335611057345 0.01733383293962456 0.027326633374611477
0 0.5240650819281342 0.47445192059711117 0.011892364790790033 0.027853172249741043
0 0.0803597053881128 0.9547900260571026 0.006604664065150523 0.010447348428423453
0 0.09043782707640177 0.9296712288073616 0.00571428666048881 0.00728596112487061
0 0.0950930833833377 0.9173253363342674 0.00415178666048881 0.007213186517764569
0 0.6254774986296147 0.8852128113128769 0.028799611795565026 0.0652996683207995