0 0.16802588230854365 0.2093405351555851 0.008098872158978665 0.016770123035529317
0 0.128441915383208 0.5937594037454443 0.04033071956119087 0.0744756151776464
0 0.11091458604142179 0.7034715248165029 0.024310253246410875 0.05109161910658786
0 0.0975407428999179 0.6646733712804556 0.018541494317957152 0.03364940798171734
0 0.09607765442615941 0.7037722585840085 0.021185253246410872 0.050946069892376135
0 0.058233870944457866 0.7699355868509962 0.012922739853730292 0.024800946856846907
0 0.0553182638013654 0.7357243297169843 0.00726307508107773 0.013608735731976296
0 0.047533037340315686 0.7345257027525136 0.008934669236879245 0.019931510339082158
0 0.0521923766265008 0.8030027979758666 0.008098872158978665 0.01677012303552914
0 0.6651599809285719 0.4635699627820095 0.031191498782184014 0.04282535483856424
0 0.5810596933880328 0.47412222291394934 0.009661372158978665 0.01684289764263518