0 0.30460540036896966 0.41853940299538694 0.01652898092527657 0.00827444128671182
0 0.3020570988268421 0.4304357517506315 0.008702844155801515 0.0069011954358966674
0 0.3312360842163454 0.41262036710261557 0.007880683847375813 0.004498245850815152
0 0.7180210409937636 0.4233799763426796 0.03534716477265239 0.013601481328668008
0 0.283282689532714 0.822326792517534 0.02042159415580134 0.007789189212119396
0 0.2776824131527422 0.8079270394056455 0.011019320616851047 0.005516294191141214
0 0.2702829703769126 0.829553585671379 0.012581820616851046 0.005634693361304244
0 0.21479574229265755 0.8571646564196256 0.01652898092527657 0.00827444128671182
0 0.19835342329901193 0.8381249474988781 0.011019320616851047 0.005516294191141214
0 0.21101024614797642 0.8281933791375738 0.014144320616851048 0.005753092531467274
0 0.19733155276323888 0.8296199968765003 0.008689207386326104 0.006119945435896668
0 0.204067635149565 0.8236480504033075 0.008689207386326104 0.006119945435896668
0 0.21271593222746574 0.8198718549674109 0.007880683847375992 0.004498245850815152
0 0.9406451761400334 0.905863188163212 0.013417617694751627 0.00881889294638576