0 0.10254801249584364 0.406068474221999 0.04222512155129756 0.019004962577315255
0 0.229296875 0.43046875 0.02109375 0.0296875
0 0.22460559758175194 0.38521429156591386 0.028080734396167806 0.01629455075860431
0 0.5849549383776406 0.4671098146742521 0.014349105042954235 0.006616661818710767
0 0.599882236545904 0.4717256185373154 0.021585072930778538 0.01109686772806633
0 0.6130832604039079 0.47959396815801314 0.015952548620519025 0.007525457576345218
0 0.219921875 0.669921875 0.03984375 0.02265625
0 0.1399251817631491 0.7155229646791013 0.037251016508343324 0.013153575304411547
0 0.231640625 0.5890625 0.01640625 0.0078125
0 0.46236010374398784 0.6676112363499704 0.01591160504295406 0.006744207576345218
0 0.6574385693705344 0.7080854365697931 0.051722952283992284 0.022113987123122313