0 0.38670354551225206 0.17781505874615738 0.014193539976756852 0.02465525961864685
0 0.3371300623985373 0.05957224563438972 0.017083593195065562 0.032549605172143184
0 0.32655873114607853 0.019846302122735394 0.017591691585911208 0.028670637023308566
0 0.3996845107312752 0.1182590094717968 0.014193539976756852 0.02465525961864685
0 0.881632905303064 0.445424199397663 0.01770095222957302 0.030233137023308564
0 0.9150902614875799 0.3889212282536036 0.033784774137315135 0.05963046034428636
0 0.8497798408108398 0.25181432589527547 0.02633290705703608 0.042224705534962936
0 0.7661205708224614 0.23681307467174006 0.015193311264080477 0.027807541469812236
0 0.7579311943974656 0.20886044486241664 0.011412747402109957 0.018323414065150524
0 0.796821226706603 0.32478182798345107 0.013029877723940686 0.019159227767481468
0 0.7237202673520511 0.6700273679556509 0.03107503737886681 0.04316964664195542
0 0.7559805643277362 0.7970176984906138 0.017881268689433405 0.021666668874473948