0 0.719921875 0.671484375 0.073046875 0.028515625
0 0.78515625 0.69765625 0.060546875 0.022265625
0 0.8078125 0.5921875 0.0203125 0.00546875
0 0.758203125 0.584375 0.0171875 0.006640625
0 0.7734375 0.5765625 0.012890625 0.0046875
0 0.706640625 0.57265625 0.016796875 0.006640625
0 0.600390625 0.595703125 0.019921875 0.0046875
0 0.59296875 0.58671875 0.041015625 0.006640625
0 0.526171875 0.569140625 0.022265625 0.0046875
0 0.466015625 0.5796875 0.028125 0.00546875
0 0.547265625 0.54453125 0.009375 0.006640625