0 0.355859375 0.4375 0.01796875 0.025
0 0.35440118953608024 0.397728594585481 0.021165527594401646 0.04239658533577249
0 0.34375 0.442578125 0.0078125 0.01484375
0 0.636708186524438 0.364158392266094 0.007907588382282426 0.021947725334181722
0 0.44609085945216764 0.8673785705959804 0.007363136722608488 0.02506363466740904
0 0.4433569457598576 0.8932143645966167 0.004308991701630305 0.015661362667090905
0 0.4416639298880643 0.8760314099300033 0.005634693361304244 0.01255454400063627
0 0.4431210700349113 0.9416973179304804 0.005516294191141214 0.01099204400063627
0 0.4476610323798974 0.9654936255967759 0.004308991701630305 0.015661362667090905
0 0.7179801133892489 0.575880592914572 0.016714825934727708 0.04546704133513622
0 0.7253782162936784 0.5703209362468449 0.012642632573423462 0.0329306786680454