0 0.30215146067798565 0.1315799376484316 0.04464165919430556 0.0733755018140986
0 0.19372359802708256 0.4733867197736741 0.053508166128159826 0.08539435217691818
0 0.14407006995887084 0.4063653835223384 0.017060866641249995 0.02869791887447377
0 0.3330306524995308 0.04782374114155239 0.03513871941479181 0.034012901451278846
0 0.6384821985195136 0.16141005334627073 0.008121624525034754 0.013554068511654194
0 0.042931022940503015 0.6055469611044855 0.04500468189572917 0.05543403366526398
0 0.004296875 0.54609375 0.00859375 0.025
0 0.5861452541809717 0.7289460109694093 0.013863131458888844 0.025463791469812237
0 0.5381506443314057 0.8425980386018143 0.016370535619201477 0.03257688702330856
0 0.5278573626540967 0.8817237813878294 0.017060866641249995 0.028697918874474128
0 0.60035191812493 0.7904291479927178 0.013863131458888844 0.025463791469812237