0 0.36854187584671066 0.4680459485094767 0.03135622060135788 0.07783605562435252
0 0.4111603626734984 0.6566835902586996 0.021493219696846744 0.05321704528527036
0 0.4240947136461524 0.5540230668921936 0.015205598145549181 0.03733733416039975
0 0.3309223671402834 0.449148245242489 0.03152663896415202 0.05134633023145838
0 0.3899654172311404 0.2820014406515939 0.0108899123699004 0.02934289764263518
0 0.3510080585701417 0.1780930365988179 0.019029960990419426 0.035956770678164496
0 0.33141485357261613 0.08677667783131227 0.016440549525030157 0.031160108767505655
0 0.35275094301173804 0.10725399772368842 0.010316702283992108 0.018405397642635178
0 0.37750748219066066 0.18556201126784103 0.008013895861557074 0.019077485731976384
0 0.39722908271105906 0.07113779228508768 0.01360547659425162 0.021675946856846862
0 0.6839090476582074 0.45907659398049877 0.008958920171816587 0.022238873035529315
0 0.6862627637370095 0.4147636678018163 0.006287621551297562 0.01587971112487061
0 0.6727458183504222 0.3650354955520753 0.007560194482076099 0.025291098428423454
0 0.665859531885033 0.3600387034718754 0.00612384724103805 0.01275471112487061
0 0.4081826110916188 0.7299670406302032 0.006041960085908293 0.01119221112487052
0 0.4010932677515388 0.7136603172017798 0.006205734396167806 0.014317211124870433
0 0.5795552007000828 0.8216739664992995 0.024249727498762752 0.046331344499482084