0 0.22583879705516105 0.04273923339044368 0.012577912441111038 0.019642820303441687
0 0.7724473015318976 0.01862432384269681 0.008056507775694399 0.012292705909355384
0 0.7925636033698603 0.09566518490280326 0.02644492280870363 0.036288186364518006
0 0.8090367868289805 0.22100002475108232 0.0470697811027776 0.050382508334949706
0 0.20464004142388745 0.9884424228594206 0.012304510367592591 0.016517820303441864
0 0.22490473181023027 0.8963028492219991 0.010810360885972158 0.017171524545807237
0 0.24230684528810062 0.9153398916456537 0.013632564514629663 0.022831593182258914
0 0.25479356519844804 0.7927554667205442 0.01624971658814811 0.02614791181871077
0 0.23672707038224433 0.8020985158121586 0.012577912441111038 0.019642820303441687
0 0.21325096842650365 0.763099724221999 0.007138556738935087 0.010666433030538158
0 0.8059130251421974 0.8708165649037731 0.06633648242236098 0.12874662439602602
0 0.8489648228094892 0.8637615451294147 0.048641843025509245 0.0683512583349497