0 0.1525590743357917 0.06661767222264334 0.029781699338046152 0.052502831283893416
0 0.10270462355000332 0.06945178073209543 0.0076498341603997485 0.013322156615858205
0 0.09035765405052132 0.04751087562876828 0.008503858767505612 0.014889201795398144
0 0.2177463496667685 0.8053662943939729 0.011919957195929065 0.021157382513557366
0 0.17732363388908556 0.8430114796988232 0.006941358767505612 0.014880111436318445
0 0.2769939362059238 0.6604378620650867 0.04293667080199892 0.0666380541565303
0 0.1621555713378636 0.7437313697750358 0.007868157981717338 0.018009656615858204
0 0.15533408684648692 0.7565788155694075 0.010066358767505612 0.014898292154477844
0 0.832574060067768 0.6386972053019346 0.0377761358558109 0.05645453307929138
0 0.7292072153611435 0.6915969584742905 0.006795809553294063 0.011755111436318444
0 0.7366387257002258 0.7002316150901489 0.005196922249741043 0.010964771077238922
0 0.7431980177804257 0.7069086015264674 0.005124147642635179 0.009402271077238922