0 0.795247994213541 0.24545135546224603 0.0802718509096227 0.049732480355292805
0 0.8495330798216829 0.28501896960643514 0.06655395326698751 0.039738896194893056
0 0.903227468158693 0.18663281948260063 0.021566784946188022 0.011138707195929066
0 0.8584704130510692 0.1684489767404469 0.018441784946188023 0.01099315798171734
0 0.8750585995688338 0.16377859336583542 0.013645123035529316 0.00843108416039975
0 0.8127416131129864 0.1460228399536226 0.018441784946188023 0.01099315798171734
0 0.7044025742378569 0.14561192514747975 0.021566784946188022 0.011138707195929066
0 0.6998156778358215 0.13530156762057377 0.041389133374611475 0.01829838978475227
0 0.6416510941921503 0.10371019634237282 0.023129284946188024 0.011211481803034929
0 0.5809501116652444 0.10147028101950122 0.029488446856846907 0.01384633023145838
0 0.6690686958256442 0.08411365302157323 0.011337760339082159 0.009103172249741043
0 0.4216136530215732 0.8042656412347491 0.02821704528527036 0.02002355562435252
0 0.48446040943171403 0.7771722942540675 0.020894696856846907 0.013446069892376044