0 0.043538832371884606 0.08856388827998911 0.01033806333545435 0.01633519418380125
0 0.053614087384611334 0.18168563957893408 0.009565904002227298 0.01706181386197043
0 0.031207557049634092 0.1711332287511138 0.01196419800286357 0.021913204827463062
0 0.05838422439924695 0.2892523031306952 0.014353401336727068 0.025983345792955602
0 0.07266917206395167 0.2737885171768242 0.011155676002545434 0.019514824505632154
0 0.10699899240131501 0.30109959817718135 0.006368178668045487 0.010593292574646895
0 0.6390631544199279 0.14371057416591712 0.02777101133831792 0.0386308112640803
0 0.6650711237467918 0.09419689322366764 0.018314195337363514 0.030943997402109957
0 0.640625 0.003515625 0.0125 0.00703125
0 0.7042239830720649 0.03203574681029338 0.004787497334499946 0.008921531930985261
0 0.08744047040099687 0.8972693938539216 0.025536349339590637 0.04784192029858776
0 0.026896225035793808 0.6665464126694057 0.02399203067313609 0.049295159654925945
0 0.09828569537713436 0.7205867435437121 0.0223840773392725 0.045279649011264314
0 0.0942738080243398 0.5773912595092048 0.01515283267027261 0.02760047611478651
0 0.13552797973024705 0.8638041889004077 0.018314195337363514 0.030943997402109957
0 0.13068084571927036 0.783217965509562 0.014353401336727068 0.025983345792955602
0 0.20831631806967862 0.9036727591310525 0.007185791335136216 0.013772922896477802
0 0.6601410790499522 0.6803825426130843 0.02952441534054513 0.055146321907742116