0 0.1899122923624308 0.12162704811906763 0.01631598423243048 0.03032416996194396
0 0.30712222202550377 0.7667067613129349 0.012537020801562448 0.035633752471457926
0 0.3022785267370315 0.6761931785562751 0.00737674211621524 0.01513025148287479
0 0.3102085681979864 0.647327385077206 0.00830346248093754 0.02141208498097198
0 0.3017437377930733 0.7372102623015181 0.01064721248093754 0.021507585475263546
0 0.739453125 0.980859375 0.02578125 0.03828125
0 0.8283393923798965 0.9168679401535369 0.043588305470833436 0.09543717539915128
0 0.7862648613681775 0.654660406066008 0.01816942496187508 0.04288783695813834
0 0.8446017519935767 0.523645851465378 0.0290160059839236 0.039427255931499074
0 0.7959463730516843 0.5330573200964528 0.01627961664125017 0.02876166996194396
0 0.8700897750277953 0.39240580378483036 0.0260364763486459 0.04554992193911027
0 0.834198387727153 0.4294488531953986 0.013754028685347208 0.020853669467652304
0 0.7583349840418057 0.41220828576177804 0.006522756933854268 0.011973417984777513