0 0.8593664087067567 0.11168892656785356 0.027085415742663342 0.05119570924333523
0 0.8697358548452077 0.02017909399150817 0.01698237364928836 0.03793043469752799
0 0.8591559716703511 0.3169742811895212 0.019462631541796328 0.040465503333979844
0 0.8301555927946843 0.2435925018722651 0.011384821032569903 0.02192279742462446
0 0.8307656611611248 0.3012375819481255 0.01496484734092931 0.029990388939893718
0 0.8088532283180282 0.24847125603973996 0.010876586817585476 0.026546524545807238
0 0.7848098771014321 0.14564115725253712 0.010785581555913738 0.024984024545807237
0 0.2543363379212419 0.5708645557353285 0.01657284997176518 0.03089918469752808
0 0.31391958788594837 0.6032866241422592 0.030756447312694314 0.0608258007586044
0 0.32635758116768426 0.7494521347481728 0.024286639434303935 0.043191890606883554
0 0.2586614824407499 0.8001135688417269 0.014092592079257393 0.028364116061076316
0 0.26533219952000725 0.8270427951294147 0.010421560509226246 0.018734024545807238
0 0.24014742989461854 0.7113539577816205 0.012029563140062293 0.019642820303441687