0 0.28555190307611833 0.3667954190872562 0.0058779777674814685 0.012101162252816166
0 0.2425347958157996 0.4070408657428968 0.01089285998146643 0.02180394418380125
0 0.21370046768549847 0.3847616741569856 0.015071928493120801 0.029889595792955602
0 0.2313381347882828 0.5216005744671948 0.01089285998146643 0.02180394418380125
0 0.19488848605815184 0.5490564440193133 0.016688992195451745 0.031561356436617415
0 0.7825744806158562 0.43186894401931325 0.017633933302444227 0.03630348675844815
0 0.8372731323412121 0.36906008251296657 0.011056551088459089 0.026491444183801248
0 0.8440737477649745 0.5191693431566283 0.015508438111767654 0.042389595792955606
0 0.838671875 0.5640625 0.01796875 0.03125
0 0.27754471287617494 0.8708409218111971 0.024583337748947897 0.03445140965492612
0 0.8977381286706061 0.7010690072125925 0.011619546279135662 0.020296074505632155