0 0.28473454317615177 0.4596988796263874 0.036094008897248564 0.04418961575678075
0 0.21936949353702834 0.2957470125894822 0.007572419467652303 0.013690773677523183
0 0.8356875367689517 0.29312712319047185 0.006823002965749581 0.014426521046687313
0 0.8319882045065835 0.2878214850362923 0.009325920456235436 0.018469278939195276
0 0.8152298094877741 0.3819925666274995 0.00841733646384668 0.01529877630835923
0 0.16180896811819262 0.8547005664863251 0.012482753954332714 0.019432539462538846
0 0.13305060399260754 0.8013407125683061 0.027723093383928976 0.049157836817585475
0 0.641796875 0.992578125 0.01484375 0.01484375
0 0.6289056723776303 0.9741538271861367 0.01658000494291585 0.02434755261671846
0 0.6714439880998209 0.8622982047816791 0.009389587452429992 0.020031778939195277
0 0.6508317284611349 0.9069092666416168 0.00835366946765248 0.01373627630835923