0 0.2500121106731674 0.36611238919630223 0.008031021287323447 0.0033978185116541938
0 0.511328125 0.424609375 0.01640625 0.00859375
0 0.9445158635231591 0.05149439472341584 0.027436585149293792 0.013427582939624472
0 0.8817837756499245 0.018130051258095213 0.02727269418380125 0.011083832939624472
0 0.5004707505918166 0.8761979950438266 0.028562042574646895 0.007232146641955417
0 0.4504598609252691 0.8631511134204045 0.014444912252816166 0.00595982332097762
0 0.39835373462632406 0.870293963466738 0.022202781930985082 0.005451391832631991
0 0.7720315352467426 0.775227000127227 0.02414769418380125 0.010974705534962936
0 0.8290054780055481 0.7596813730390515 0.03524908514929379 0.013700401451278843
0 0.988671875 0.738671875 0.02265625 0.00703125
0 0.9799616906266813 0.7228683977186406 0.025437042574646896 0.007123019237293704
0 0.9317344991668207 0.7297570320208014 0.019132412252816165 0.006123514427970278
0 0.8420792783738651 0.7125980419135254 0.022257412252816168 0.006232641832631991
0 0.9341848328911189 0.7146454253510459 0.02220278193098526 0.005451391832631991