0 0.36833365706414123 0.183245226142642 0.01899989995764777 0.045104168874474125
0 0.5682310938887856 0.030705541342585276 0.01097529735504672 0.014417164065150524
0 0.566574100501169 0.06584815041700258 0.013819576294241642 0.023092759618646853
0 0.6106615175945438 0.05183400767732138 0.008859060509226423 0.018241568511654194
0 0.07366022397398941 0.6072072877567972 0.022769642065139983 0.042896828130301136
0 0.06161249118030367 0.7136619016405379 0.014001586817585477 0.026217759618646853
0 0.10611750173894094 0.746023006496195 0.012992823663405772 0.022284227767481467
0 0.10155916886760927 0.7707415089008567 0.00876805524755433 0.016679068511654193
0 0.10590045296259562 0.6493526203799356 0.009822321032569904 0.021393850362819756
0 0.1018499897942986 0.6385788114869282 0.010421560509226425 0.01829613221398514
0 0.11547563313956281 0.5585775701985257 0.010603571032569903 0.021421132213985138
0 0.6275242519507025 0.7772407793616857 0.014555323663405862 0.022338791469812234
0 0.6446018480115073 0.7852206877104636 0.0077137894625388444 0.01196428666048881
0 0.6563514191146644 0.8378273325383205 0.019098610495108838 0.03341270072563951
0 0.6692192927992464 0.8377678069940909 0.016299834186749608 0.025518355172143004