0 0.2937245429197528 0.13497697255766639 0.013485838479802049 0.007959965471124875
0 0.2744630717202476 0.11608771983372561 0.011923338479802226 0.007850704827463062
0 0.8193640462517117 0.47817209261398796 0.02612223079967002 0.013521550620418665
0 0.3659075998939219 0.8417459606150597 0.016610838479802225 0.008178486758448145
0 0.7618644406498972 0.934528858327379 0.04909672954602886 0.026043329953513706
0 0.6838973907686106 0.9746870056615459 0.037105194906292736 0.015848875126050644
0 0.9474022981321735 0.8668080757277025 0.03873589106622681 0.018301885769712457
0 0.8681736192921076 0.8636068480618695 0.021366534639736125 0.010850018689433583
0 0.9206507557727341 0.8450560849463684 0.02926996285298138 0.014521321907742113
0 0.8632629788527012 0.8422126312917998 0.026031302586424766 0.010396550620418665
0 0.7595116731321735 0.8536694833273788 0.024468802586424587 0.010287289976756852