0 0.1750425196486634 0.22840097154105266 0.01630234319506556 0.03260425296574958
0 0.12658056339620458 0.2697163561797386 0.007959965471124875 0.01356775148287479
0 0.09711712051134835 0.2900029871112377 0.00696019418380125 0.010410917984777512
0 0.371484375 0.418359375 0.02578125 0.01796875
0 0.34200578054442676 0.5168201899063911 0.037472502849991686 0.056837590418179394
0 0.31748120993562967 0.5556021528531125 0.030621569309851892 0.04798917243340188
0 0.30666404223493193 0.5988892378340844 0.02695026609154354 0.04004933844101295
0 0.9483793357303716 0.9037206358186435 0.013740071907742114 0.029383752471457924
0 0.9511217414884625 0.8533618443167406 0.009631726114786332 0.015193918479069169
0 0.9741220169247227 0.8029566318643105 0.01095927933309504 0.023038251977166267
0 0.97734375 0.971875 0.0453125 0.05625