0 0.24917356670568278 0.32352336222848443 0.03988085391920819 0.031084979254075586
0 0.25504130189309715 0.29645766575529164 0.018264266693047482 0.01151784045687485
0 0.22163358841329509 0.29194239812125583 0.019758570533113407 0.009292489627037881
0 0.23402110240120438 0.2467657803823294 0.00951139231986815 0.0053978950209781825
0 0.24917356670568278 0.32352336222848443 0.03988085391920819 0.031084979254075586
0 0.25504130189309715 0.29645766575529164 0.018264266693047482 0.01151784045687485
0 0.22163358841329509 0.29194239812125583 0.019758570533113407 0.009292489627037881
0 0.23402110240120438 0.2467657803823294 0.00951139231986815 0.0053978950209781825
0 0.41293519566446213 0.6034229658578601 0.03179556927947225 0.02111798340326061
0 0.41293519566446213 0.6034229658578601 0.03179556927947225 0.02111798340326061
0 0.7559338636507219 0.758863499988389 0.04677571159934022 0.02693027551980922