0 0.4740490553709842 0.21926163233864324 0.03366360117201914 0.015575723516896466
0 0.5625 0.23828125 0.09375 0.0390625
0 0.705859375 0.435546875 0.03359375 0.00859375
0 0.6927972590254695 0.3654976759601336 0.008012759099298706 0.003671303218308708
0 0.705859375 0.435546875 0.03359375 0.00859375
0 0.6927972590254695 0.3654976759601336 0.008012759099298706 0.003671303218308708
0 0.3215137419066064 0.7308330988566114 0.008112888648948057 0.005233803218308708
0 0.33110414019472 0.7342503528794972 0.0065503886489480575 0.005124542574646895
0 0.33762949645625573 0.7303905204541442 0.008112888648948057 0.005233803218308708
0 0.7881400374030996 0.7052157398221041 0.017387759099298704 0.004326867080279051
0 0.7881400374030996 0.7052157398221041 0.017387759099298704 0.004326867080279051