0 0.4361517850890868 0.25496017869388543 0.010338063335454529 0.016454047424624463
0 0.42480520508431424 0.22069674899732714 0.00950226933481808 0.011702774545807237
0 0.4361517850890868 0.25496017869388543 0.010338063335454529 0.016454047424624463
0 0.42480520508431424 0.22069674899732714 0.00950226933481808 0.011702774545807237
0 0.8368455790698377 0.14387116975496167 0.006349997334499946 0.009103933030538159
0 0.837745007737883 0.15396364687614436 0.005550566000954405 0.0074776601517207554
0 0.832730517405292 0.15984692058845668 0.006349997334499946 0.009103933030538159
0 0.45703125 0.62578125 0.0046875 0.028125
0 0.453125 0.5609375 0.0125 0.03125
0 0.43640522907381485 0.5357796150584034 0.006349997334499946 0.009103933030538159
0 0.45703125 0.62578125 0.0046875 0.028125
0 0.453125 0.5609375 0.0125 0.03125
0 0.43640522907381485 0.5357796150584034 0.006349997334499946 0.009103933030538159
0 0.8351199944103829 0.555733569904743 0.018314195337363514 0.031154276212797073
0 0.8213802130808144 0.5846158567234537 0.018350558004454242 0.03427927621279707
0 0.8069137257518826 0.6182494164209817 0.007967041335136215 0.013918978788172609
0 0.8050600507439283 0.5597513257392077 0.01033806333545435 0.016454047424624463