0 0.2747747142894804 0.2305669787082807 0.056645466314779826 0.024948261862998145
0 0.11961960998740925 0.21893309482962264 0.0567409237011061 0.030417011862998146
0 0.17120740645640192 0.19301987570425636 0.027534664772652383 0.012051672433401883
0 0.29581678145640194 0.1879424327577536 0.035415348620028195 0.016276257414373774
0 0.3278684866106147 0.1854653843357686 0.01499375446422686 0.009198586463846681
0 0.3354267293053663 0.17735046610384525 0.020421594155801515 0.007077670950527093
0 0.30360684923223147 0.16654626452583027 0.02512273092527657 0.008049921939110227
0 0.32753043161855777 0.16010659283386577 0.01652898092527657 0.007699753460041059
0 0.30226253754383425 0.15410993152202462 0.014171594155801336 0.006823002965749581
0 0.25315970008437316 0.14947481690214798 0.014157957386326104 0.00604175296574958
0 0.49375 0.725390625 0.028125 0.03046875
0 0.5563647463514949 0.7244111499059536 0.0755181972400564 0.03274351581733086
0 0.7750718589731118 0.6955918121877873 0.048873876623205345 0.026973676882026253
0 0.7984187429015656 0.6774652239939201 0.03220852800317715 0.011461423421985018
0 0.7605963017489413 0.6751028986516341 0.027507391233702095 0.010489172433401705
0 0.6764034210668985 0.6457443331951798 0.029097164772652385 0.01211533942959626
0 0.5131650584452817 0.6723034925484452 0.024505122158978664 0.01739308844101295
0 0.5120116615295368 0.6489296595446395 0.05105398538950343 0.017694177376317732
0 0.575190635758473 0.6522105211987667 0.035388075081077906 0.014713757414373774