0 0.23510444271163422 0.01731024649349706 0.01438067333704538 0.028080734396167806
0 0.23510444271163422 0.01731024649349706 0.01438067333704538 0.028080734396167806
0 0.6189901887332697 0.2515414043408416 0.033521572008272216 0.06265713025772471
0 0.4072396213995651 0.8240017811498641 0.007167610001590674 0.012087242198083815
0 0.4072396213995651 0.8240017811498641 0.007167610001590674 0.012087242198083815
0 0.5640256970679287 0.9467327346212807 0.010301700668363622 0.013032266508343326
0 0.5713069404041786 0.9685856018193647 0.013499426002545434 0.01944604081860284
0 0.581154107733906 0.942555368327708 0.008739200668363622 0.012950379353213748
0 0.5640256970679287 0.9467327346212807 0.010301700668363622 0.013032266508343326
0 0.5713069404041786 0.9685856018193647 0.013499426002545434 0.01944604081860284
0 0.581154107733906 0.942555368327708 0.008739200668363622 0.012950379353213748