0 0.18229434574233627 0.10154532357508436 0.019569791356328813 0.03510717045623544
0 0.15695501272009232 0.2940107020351255 0.02127784057054054 0.038295837452429815
0 0.08660391346535397 0.47349459013385264 0.020423815963434677 0.03670150395433271
0 0.14048556555365915 0.42997141251038906 0.019569791356328813 0.03510717045623544
0 0.17001470781961087 0.34845215707318167 0.021006012820281583 0.04920150395433254
0 0.20137817783582151 0.2777749011416826 0.017354473945152195 0.054511086463846684
0 0.21144244044896068 0.15377169190214798 0.011357031017246656 0.026195085475263547
0 0.993359375 0.38515625 0.01328125 0.028125
0 0.9041189570957398 0.5095402015408339 0.02440284057054054 0.03842317144481875
0 0.2230124101555851 0.5976430614649406 0.008940506410140792 0.024537084980972068
0 0.935071454407398 0.856187731921176 0.01384633023145838 0.029415585969555024
0 0.862992131929124 0.6458583742213816 0.01949701674922295 0.03354467045623544
0 0.981773134100737 0.7240636400201218 0.01611730562435252 0.02794858646384668