0 0.156237178906573 0.4136455906071165 0.007690479546028861 0.022738066000954404
0 0.1641065090398513 0.4116015589393891 0.007417694906292738 0.013363066000954405
0 0.1521365321989606 0.38011092994113904 0.006727373119538171 0.01647897533418181
0 0.5423888018282554 0.3485606642664122 0.00828987311953817 0.016497156667727175
0 0.526872107746639 0.29133878393541207 0.006636444906292738 0.013353975334181811
0 0.5062784629194884 0.2743967319382755 0.005718802586424765 0.00865738466740904
0 0.5423888018282554 0.3485606642664122 0.00828987311953817 0.016497156667727175
0 0.526872107746639 0.29133878393541207 0.006636444906292738 0.013353975334181811
0 0.5062784629194884 0.2743967319382755 0.005718802586424765 0.00865738466740904
0 0.14100881558505546 0.568001281269912 0.006681909012915455 0.014916475334181811
0 0.949609375 0.54375 0.02265625 0.0078125
0 0.8945861081423503 0.6476342372692756 0.009761444906292738 0.013390338001272716
0 0.9644857680131956 0.795208123925867 0.012377979546028862 0.02279261000159085
0 0.949609375 0.54375 0.02265625 0.0078125
0 0.8945861081423503 0.6476342372692756 0.009761444906292738 0.013390338001272716
0 0.9644857680131956 0.795208123925867 0.012377979546028862 0.02279261000159085