0 0.7171875 0.071875 0.015625 0.046875
0 0.7957188432925019 0.05100795843878334 0.022347714672181596 0.041643844499482
0 0.8931381886139569 0.1339231581911143 0.006395450668363623 0.012791098428423454
0 0.8820555116168205 0.11335702409263178 0.008766472668681757 0.015244010339082159
0 0.8745702756206384 0.0855958971281611 0.007967041335136215 0.013645123035529316
0 0.7171875 0.071875 0.015625 0.046875
0 0.7957188432925019 0.05100795843878334 0.022347714672181596 0.041643844499482
0 0.8931381886139569 0.1339231581911143 0.006395450668363623 0.012791098428423454
0 0.8820555116168205 0.11335702409263178 0.008766472668681757 0.015244010339082159
0 0.8745702756206384 0.0855958971281611 0.007967041335136215 0.013645123035529316
0 0.24405579861554783 0.3950105155108779 0.013572151336727067 0.02561858416039975
0 0.14912592763368332 0.2659105974996646 0.016633516669318026 0.020295383374611474
0 0.24405579861554783 0.3950105155108779 0.013572151336727067 0.02561858416039975
0 0.14912592763368332 0.2659105974996646 0.016633516669318026 0.020295383374611474