0 0.2754540684471759 0.35188906092436534 0.00634999394987581 0.017624542574646896
0 0.6738006648563797 0.47845156092436536 0.007926129488495092 0.02007755321830871
0 0.38296230185843233 0.7746436819014795 0.011850560206654492 0.023475704827463063
0 0.39623699452954614 0.8397579065912701 0.009506810206654493 0.02331181386197052
0 0.3912586030389983 0.7900856885222554 0.007926129488495092 0.02007755321830871
0 0.5640668561131583 0.7529325728669721 0.011896012002052458 0.03128820482746306
0 0.5583074750630341 0.7705298002807036 0.011137487899751618 0.035139824505632154
0 0.5639898485014052 0.8068661380278875 0.011096581283893413 0.028108574505632155
0 0.5743142701443782 0.8350621938440863 0.005541472872636888 0.012882412252816167
0 0.565652342451281 0.8239443773842258 0.007907948770336048 0.016952553218308707
0 0.5640668561131583 0.7529325728669721 0.011896012002052458 0.03128820482746306
0 0.5583074750630341 0.7705298002807036 0.011137487899751618 0.035139824505632154
0 0.5639898485014052 0.8068661380278875 0.011096581283893413 0.028108574505632155
0 0.5743142701443782 0.8350621938440863 0.005541472872636888 0.012882412252816167
0 0.565652342451281 0.8239443773842258 0.007907948770336048 0.016952553218308707