0 0.2538244585867586 0.09817742838954287 0.02681239995764777 0.044813060669954476
0 0.2451778651920833 0.07036123738858838 0.024703868387616623 0.03541987933640893
0 0.2254950612599469 0.054127436386043025 0.025856844710093262 0.028406810669954475
0 0.26617712180446673 0.03547316205838369 0.017862334186749606 0.02519090400222712
0 0.7075921706161056 0.1598825423893838 0.0726401104245216 0.10780395667568143
0 0.8205272047110919 0.28259870273708765 0.009041071032569903 0.021184656667727175
0 0.8417967180064458 0.1384128980744511 0.01262109734092931 0.02903351933481808
0 0.12547340348037855 0.9118859397278609 0.03144669205102239 0.05735851400381797
0 0.1505620141519554 0.7595470087324743 0.03696094468185827 0.058203398671227015
0 0.17201556804879817 0.8128856394016332 0.015700594710093264 0.028288632001908988
0 0.1663371100362922 0.9365637683998834 0.02006187101845249 0.03614658533577266
0 0.1658817192159831 0.9689583713995651 0.01102079998588259 0.014961928668045488
0 0.17339074683976036 0.9772433124005196 0.009041071032569903 0.021184656667727352
0 0.18685051923715923 0.9469518304025877 0.010876586817585476 0.025890338001272717
0 0.19136334947765493 0.9708163180696786 0.009549305247554329 0.016506247334499947
0 0.19969564160632328 0.9463205764043376 0.00867704998588259 0.014934656667727175
0 0.20861597980991392 0.8984100614059285 0.00789579998588259 0.014925566000954404
0 0.8405041101774666 0.7544319737229292 0.02952787628012441 0.0378181733370452
0 0.873828125 0.980078125 0.05390625 0.03984375
0 0.9283789601139381 0.8222060954009969 0.016208828925077867 0.023610222668681756
0 0.9563898390248984 0.8607873374044968 0.007804794724210673 0.013363066000954405
0 0.9603870942865702 0.8623952907383604 0.007804794724210673 0.013363066000954405
0 0.972344550842484 0.886736764739792 0.005188028939195277 0.00864829400063627