0 0.49207399562724996 0.10099288006935181 0.03413575500096986 0.02727312944567011
0 0.4775412512321938 0.0718693832744222 0.0265943219704317 0.020695643713693812
0 0.45379281009622685 0.0835624583363395 0.02230543469752817 0.015826207195929066
0 0.44518321357998814 0.05494730676476287 0.02464918469752817 0.01593536910658777
0 0.7013291152518272 0.3006099100508866 0.0919641015172088 0.05876287799792799
0 0.8633753620627793 0.10014429849259532 0.018734024545807238 0.010211907981717516
0 0.8138137844874038 0.11264752957175919 0.021859024545807237 0.010357457195929065
0 0.1725430679721347 0.8945471159037721 0.031489116061076315 0.013919104838564067
0 0.15494104425982247 0.8902695115819365 0.035395366061076315 0.014101041356328992
0 0.11876436372976924 0.8986203398489241 0.028300343182259092 0.012992305624352518
0 0.09117344547261963 0.9112766014286061 0.012946410151720933 0.006050946856846906
0 0.10173629592681248 0.9013739855270886 0.01704397878817261 0.008576633374611476
0 0.1725430679721347 0.8945471159037721 0.031489116061076315 0.013919104838564067
0 0.15494104425982247 0.8902695115819365 0.035395366061076315 0.014101041356328992
0 0.11876436372976924 0.8986203398489241 0.028300343182259092 0.012992305624352518
0 0.09117344547261963 0.9112766014286061 0.012946410151720933 0.006050946856846906
0 0.10173629592681248 0.9013739855270886 0.01704397878817261 0.008576633374611476