0 0.7231196211479765 0.31232731146179304 0.04747501785690744 0.03737888648947951
0 0.7731409634770537 0.24083888803525175 0.01655625446422686 0.009645110271317847
0 0.7231196211479765 0.31232731146179304 0.04747501785690744 0.03737888648947951
0 0.7731409634770537 0.24083888803525175 0.01655625446422686 0.009645110271317847
0 0.6002482498014243 0.698044310229788 0.03241307954530477 0.02392765576781102
0 0.4076553981368562 0.6218135317737161 0.06568922970746058 0.052592876310446714
0 0.47805060592857185 0.5455077992017336 0.01184148092527657 0.007782221622369789
0 0.43574521631807517 0.5326113294296777 0.008702844155801337 0.006800712523071262
0 0.42196227009231624 0.5174968703765215 0.0031659103084255235 0.0025440090992987054
0 0.6002482498014243 0.698044310229788 0.03241307954530477 0.02392765576781102
0 0.4076553981368562 0.6218135317737161 0.06568922970746058 0.052592876310446714
0 0.47805060592857185 0.5455077992017336 0.01184148092527657 0.007782221622369789
0 0.43574521631807517 0.5326113294296777 0.008702844155801337 0.006800712523071262
0 0.42196227009231624 0.5174968703765215 0.0031659103084255235 0.0025440090992987054