0 0.37705974765280403 0.4086420893972445 0.011896012002052458 0.0314940077756944
0 0.3842887129627858 0.44324161906266113 0.01115112343837108 0.03767565725731483
0 0.6609375 0.035546875 0.0609375 0.07109375
0 0.6240998653847364 0.14608914455740668 0.026812484874689523 0.045292667624907426
0 0.6545433564568439 0.07730461503340194 0.01973123789975162 0.036083762959490694
0 0.6894046906676035 0.1639057878421056 0.05073631908544911 0.13093693317629623
0 0.5920946556338996 0.4161969472670826 0.026812484874689523 0.045292667624907426
0 0.6809750880118838 0.3255855816215501 0.01658805718159222 0.03268536088597216
0 0.7007310639586807 0.29881289484023055 0.011905102361132158 0.033056507775694396
0 0.7232347900036735 0.20746986013242957 0.025177262002052458 0.03265596658814811
0 0.7269052115484506 0.30149326220594813 0.010269879488495271 0.020419806738935266
0 0.028917163442044556 0.8229397437798373 0.03798178903121965 0.08609332488222207
0 0.08374958830647135 0.7184176305847908 0.024432373438370902 0.038837616069768544
0 0.6854913624578701 0.6260493381012954 0.015788626463433174 0.02949201036759259