0 0.2976001637654253 0.27706706444304807 0.04010582995351371 0.05100512512605082
0 0.23324522775344647 0.32788633728141814 0.01213936708027923 0.017952324505632156
0 0.2976001637654253 0.27706706444304807 0.04010582995351371 0.05100512512605082
0 0.23324522775344647 0.32788633728141814 0.01213936708027923 0.017952324505632156
0 0.8958293041882776 0.4997808036733355 0.04032970507956453 0.0875599841605581
0 0.3751127945914593 0.7398619953852975 0.02244308255140375 0.0318891383676025
0 0.36734634818792034 0.8589506669828303 0.017427800620418665 0.026873856436617417
0 0.3000144236143452 0.7549267616028917 0.0071240851492937905 0.012937042574646895
0 0.26124168270696035 0.6944398707634499 0.005233803218308708 0.00814028193098526
0 0.2531397875925311 0.6459395276944351 0.01066970222957302 0.030288433540139437
0 0.5867199710066199 0.6501244651314098 0.00823311708027923 0.0176791728964778
0 0.6707941402583641 0.7521925685919847 0.017974103838727374 0.03468635643661742