0 0.7717047821677938 0.2185103586091845 0.035038773445216796 0.05036362667090888
0 0.1546249485593963 0.7821546879376392 0.031073323860135282 0.04953692333704538
0 0.1661069002190702 0.7788933279360484 0.019922336307689824 0.025990335335772486
0 0.17650531494867652 0.7510135022676849 0.022372830083912554 0.03772726666931803
0 0.18591666505356724 0.7978203222668894 0.01517563672260831 0.025154541335136216
0 0.6893250849696546 0.6396265616048892 0.01644213879720091 0.021266472668681757
0 0.7526531258484146 0.9387632219327078 0.024361382573423462 0.03306703866963616
0 0.7653652294777902 0.8846615225970942 0.023876130498831038 0.03696419800286357
0 0.7725085896432932 0.8654209002625942 0.014039189212119395 0.020457950668363624
0 0.7663280606992453 0.7786976049292078 0.03520471680652086 0.06285453600413611
0 0.7781127605966768 0.8258677779280943 0.01517563672260831 0.025154541335136216
0 0.7594214988740685 0.8010632272637077 0.01763778589277152 0.02674431333545435