0 0.9240939391234839 0.3346117976010712 0.012228235477853034 0.027461928668045487
0 0.912459836731897 0.1036842426002758 0.012583432988341947 0.0321494286680454
0 0.4625 0.534375 0.0140625 0.0484375
0 0.4377446405710542 0.5833302872573445 0.01876257800932013 0.04158806333545435
0 0.462890625 0.715234375 0.01328125 0.06171875
0 0.457421875 0.823828125 0.02421875 0.04765625
0 0.413735395657289 0.7153663562619579 0.04694677759440165 0.0426965773392725
0 0.37109853237989743 0.740884524268003 0.013198739627037881 0.01966761000159085
0 0.776788734864764 0.6736686575827766 0.024361382573423462 0.03306703866963625
0 0.737482224904398 0.5986689312540037 0.039122622200461164 0.05275283000477256
0 0.6852932241794518 0.6477564139282533 0.01679733630769 0.025953972668681758
0 0.6701306267738534 0.6901575445974123 0.01828898132866801 0.03533806333545453
0 0.6492857918158098 0.7091666286004349 0.007315592531467274 0.014135225334181812
0 0.6635627019836349 0.784066631265935 0.007670790041956366 0.018822725334181813