0 0.2688878473866394 0.5017001148221041 0.012377979546028862 0.023475704827463063
0 0.939673680818623 0.3933006118460618 0.025264424452321778 0.037631039976756854
0 0.993359375 0.162890625 0.01328125 0.03359375
0 0.939673680818623 0.3933006118460618 0.025264424452321778 0.037631039976756854
0 0.993359375 0.162890625 0.01328125 0.03359375
0 0.1002210727427797 0.7803632052932288 0.005696070533113407 0.008194912252816166
0 0.1135645072242312 0.7298386814080153 0.005696070533113407 0.008194912252816166
0 0.5774876090651219 0.8493128061559136 0.014812657759274294 0.026764595792955603
0 0.6177519020513816 0.866552077569288 0.011042800079142268 0.03117894418380125
0 0.6305713250522065 0.8382112332013282 0.00753135517284953 0.0176791728964778
0 0.6501689396273651 0.774869817051677 0.00688649749271768 0.022312042574646897
0 0.654578300639456 0.8192289633390004 0.00803146034569906 0.0348666728964778
0 0.6499207186257157 0.8333269912471 0.004360891066226813 0.015898151609154355
0 0.5774876090651219 0.8493128061559136 0.014812657759274294 0.026764595792955603
0 0.6177519020513816 0.866552077569288 0.011042800079142268 0.03117894418380125
0 0.6305713250522065 0.8382112332013282 0.00753135517284953 0.0176791728964778
0 0.6501689396273651 0.774869817051677 0.00688649749271768 0.022312042574646897
0 0.654578300639456 0.8192289633390004 0.00803146034569906 0.0348666728964778
0 0.6499207186257157 0.8333269912471 0.004360891066226813 0.015898151609154355