0 0.046449136724804906 0.4838584741991891 0.015344397748246585 0.009111159849213023
0 0.07859040947305154 0.47881417019356415 0.01851946252307126 0.010165811922731294
0 0.11050114474436938 0.46510776566955947 0.013731832973421908 0.008193208812453534
0 0.046449136724804906 0.4838584741991891 0.015344397748246585 0.009111159849213023
0 0.07859040947305154 0.47881417019356415 0.01851946252307126 0.010165811922731294
0 0.11050114474436938 0.46510776566955947 0.013731832973421908 0.008193208812453534
0 0.6371352922619034 0.22958514974120287 0.01856952729789594 0.010947061922731293
0 0.7080275855989282 0.1776507943218509 0.012219397748246586 0.0088377577756944
0 0.57734375 0.18359375 0.015625 0.0140625
0 0.22706748226744064 0.8988415806084248 0.020763082973421908 0.00880836347787035
0 0.22706748226744064 0.8988415806084248 0.020763082973421908 0.00880836347787035