0 0.007421875 0.25546875 0.01484375 0.0140625
0 0.028972177763238884 0.2821854542898878 0.019667617694751626 0.00792612948849527
0 0.7609722000843732 0.1762990686530725 0.013390344155801337 0.006327268052176827
0 0.6903781692401745 0.17046040740142523 0.022819891233702094 0.009506810206654493
0 0.9805278593785012 0.683415374862211 0.038594895697929135 0.018191463797450604
0 0.7452244691590966 0.6484598940832333 0.021257391233702093 0.00949771984757497
0 0.7022557191590966 0.6487098789579229 0.022819891233702094 0.009506810206654493
0 0.6969233368538484 0.6409291952147015 0.018105117694751628 0.007917039129415571
0 0.6520832824706994 0.6365030430382405 0.01809148092527657 0.00713578912941557
0 0.633451172081196 0.652234854757426 0.010265344155801336 0.006309087334017605
0 0.9805278593785012 0.683415374862211 0.038594895697929135 0.018191463797450604
0 0.7452244691590966 0.6484598940832333 0.021257391233702093 0.00949771984757497
0 0.7022557191590966 0.6487098789579229 0.022819891233702094 0.009506810206654493
0 0.6969233368538484 0.6409291952147015 0.018105117694751628 0.007917039129415571
0 0.6520832824706994 0.6365030430382405 0.01809148092527657 0.00713578912941557
0 0.633451172081196 0.652234854757426 0.010265344155801336 0.006309087334017605