0 0.19430259308680506 0.11871939136739389 0.04356881525447918 0.02753209239534584
0 0.6007984009324648 0.51009650127291 0.031504573138263936 0.012210839923887917
0 0.628669481004583 0.48855442370631186 0.034575021751493115 0.009994423916276673
0 0.843359375 0.52265625 0.03046875 0.0140625
0 0.6561953955656767 0.46504330439066505 0.00944773518236115 0.0035070019771662685
0 0.13851693308473917 0.6521732312726913 0.03301252175149312 0.009930756920082117
0 0.09790069837734335 0.6669400561206856 0.015806837955902785 0.008449169961943958
0 0.23349335947150998 0.6536972512915005 0.0126454703647223 0.006759335969555025
0 0.48125 0.653125 0.0234375 0.0203125
0 0.5019887863332462 0.6226342992006034 0.01731478656913197 0.006169086958138337
0 0.5892793460787669 0.651996817736538 0.02520002175149294 0.009612421939110227