0 0.676953125 0.528125 0.049609375 0.023046875
0 0.58984375 0.50703125 0.061328125 0.01484375
0 0.5359375 0.45546875 0.0109375 0.0046875
0 0.542578125 0.44765625 0.014453125 0.0046875
0 0.48828125 0.4375 0.0125 0.0046875
0 0.517578125 0.435546875 0.023046875 0.00546875
0 0.676953125 0.528125 0.049609375 0.023046875
0 0.58984375 0.50703125 0.061328125 0.01484375
0 0.5359375 0.45546875 0.0109375 0.0046875
0 0.542578125 0.44765625 0.014453125 0.0046875
0 0.48828125 0.4375 0.0125 0.0046875
0 0.517578125 0.435546875 0.023046875 0.00546875