0 0.137976620397729 0.33103723500585075 0.012898483789142467 0.03406678494618802
0 0.11642860145686562 0.2911196333723569 0.00993298045516262 0.01680651033908216
0 0.8682783372874511 0.38432699699981737 0.02715230242559432 0.037065506410140794
0 0.2966658363090241 0.6566493570079228 0.04669939894183308 0.06677227708830528
0 0.2820614602460081 0.5921502093652876 0.025191189698497853 0.04164384449948209
0 0.2690033508528916 0.6133338505977819 0.028969765002909396 0.07839898180303492
0 0.33375923585483136 0.6677163666231338 0.01980218803150784 0.03283177067816432
0 0.39219336025085727 0.725695840568286 0.017841075304411546 0.03741010876750561
0 0.9078505690351506 0.689351618070876 0.041485740457102335 0.06964256596343468
0 0.9350984663099939 0.7466568498739109 0.020695008334949704 0.043769270678164315
0 0.967121148362105 0.9244286892038518 0.019658666819680627 0.04060788337461148
0 0.9709794719995267 0.9526264638109577 0.010841776212797073 0.018405397642635178
0 0.99054293078382 0.8585875194353101 0.013966776212797072 0.018550946856846905
0 0.998046875 0.8875 0.00390625 0.015625