0 0.3111742976010712 0.06015679281199384 0.03389374200349984 0.027150090418179396
0 0.18971746827261643 0.019253267108831372 0.014189769334818081 0.01151050296574958
0 0.0522939179265034 0.10783894669087069 0.023610222668681756 0.015798754942915848
0 0.3111742976010712 0.06015679281199384 0.03389374200349984 0.027150090418179396
0 0.18971746827261643 0.019253267108831372 0.014189769334818081 0.01151050296574958
0 0.0522939179265034 0.10783894669087069 0.023610222668681756 0.015798754942915848
0 0.975 0.473828125 0.05 0.03046875
0 0.9796875 0.454296875 0.040625 0.03359375
0 0.975 0.473828125 0.05 0.03046875
0 0.9796875 0.454296875 0.040625 0.03359375
0 0.3710035572684802 0.9030645692194128 0.016524428668045488 0.010824753460041237
0 0.3472663389362074 0.8942811475274481 0.010238066000954404 0.007445085475263546
0 0.3710035572684802 0.9030645692194128 0.016524428668045488 0.010824753460041237
0 0.3472663389362074 0.8942811475274481 0.010238066000954404 0.007445085475263546
0 0.5671152149307986 0.5802823145236427 0.015752269334818082 0.011574169961943959
0 0.5671152149307986 0.5802823145236427 0.015752269334818082 0.011574169961943959