0 0.11012284449959697 0.5282590040380211 0.026190477767481467 0.012018742003499838
0 0.1690414875133553 0.4711555760462933 0.029479168874473948 0.016742604670590744
0 0.983984375 0.594921875 0.03203125 0.02890625
0 0.9460466870154594 0.4468873747214975 0.011128472958158043 0.005596019334818081
0 0.0689534355178469 0.9911143610558384 0.022147818511654194 0.008067038669636161
0 0.09821806682478282 0.9793504313932019 0.02055803666048881 0.007267607336090798
0 0.11202138923871115 0.9720921883951108 0.015815972958158044 0.005650563335454351
0 0.05244673719686919 0.9768655023869975 0.011128472958158043 0.005596019334818081
0 0.0689534355178469 0.9911143610558384 0.022147818511654194 0.008067038669636161
0 0.09821806682478282 0.9793504313932019 0.02055803666048881 0.007267607336090798
0 0.11202138923871115 0.9720921883951108 0.015815972958158044 0.005650563335454351
0 0.05244673719686919 0.9768655023869975 0.011128472958158043 0.005596019334818081
0 0.6751389481317187 0.6386347983967017 0.022093254809323427 0.0065045386696361614
0 0.6742535325689556 0.6468242873965425 0.012718254809323426 0.006395450668363623
0 0.641436070727057 0.6351188997254745 0.015815972958158044 0.005650563335454351