0 0.1270774810769093 0.31788287476467475 0.02071491439185813 0.04338905459579188
0 0.07276887458346062 0.4144936092654129 0.015117731803034929 0.023557415946843817
0 0.055411169559144643 0.3093956978682183 0.007722608767505612 0.01529433297342191
0 0.04552782433579168 0.31460423079549765 0.006050946856846906 0.012850453423772733
0 0.6939278600058507 0.2973357888612047 0.017553527088305286 0.04240754549649317
0 0.6759794577104031 0.33006854449058826 0.011357031017246656 0.026432092072720438
0 0.366078937963252 0.8996224317506476 0.03176157630251701 0.04643371144333699
0 0.359375 0.96484375 0.034375 0.0703125
0 0.31102008364141653 0.9132303003506843 0.018351893713693633 0.026101425046142525
0 0.28812731616832254 0.9067002968807693 0.019552674730940467 0.05188267504614252
0 0.28679600640788616 0.9700968156192336 0.015699928659881835 0.03605741594684382