0 0.06434752826901802 0.2825396729193447 0.013073210085908293 0.011082950668363623
0 0.5142119490624323 0.36639787326943474 0.016481493102595123 0.031422722668681756
0 0.49159498162686344 0.3584629229392301 0.00764540366347326 0.011800566000954494
0 0.49674781009828023 0.4165705959381166 0.011507388059640888 0.02589942866804549
0 0.487069055292811 0.4373737182726164 0.008836089439121864 0.019622156667727174
0 0.5142119490624323 0.36639787326943474 0.016481493102595123 0.031422722668681756
0 0.49159498162686344 0.3584629229392301 0.00764540366347326 0.011800566000954494
0 0.49674781009828023 0.4165705959381166 0.011507388059640888 0.02589942866804549
0 0.487069055292811 0.4373737182726164 0.008836089439121864 0.019622156667727174
0 0.008562856740434732 0.7233240332590943 0.014427670171816587 0.022029541335136217
0 0.8197813969932108 0.8242416432606852 0.012906113749381377 0.02279261000159085