0 0.4350909626741869 0.2914867017075785 0.006469807878390377 0.017282957386326105
0 0.8403287113940625 0.06571049574258696 0.021032836817585478 0.026122169236879246
0 0.7465748587561679 0.07399435146434499 0.009685813140062293 0.018900004464227037
0 0.7460214864222973 0.03763895292539461 0.007797089448421346 0.026671594155801337
0 0.8403287113940625 0.06571049574258696 0.021032836817585478 0.026122169236879246
0 0.7465748587561679 0.07399435146434499 0.009685813140062293 0.018900004464227037
0 0.7460214864222973 0.03763895292539461 0.007797089448421346 0.026671594155801337
0 0.40431874029796405 0.6122931923737355 0.03568614199455276 0.11691081047058134
0 0.35985647326811776 0.5336917926169692 0.009814615756780753 0.034511367694751625
0 0.99296875 0.933203125 0.0140625 0.03046875
0 0.9507012811465081 0.723021299516828 0.04095819994353036 0.06002956493480802
0 0.8651501889966635 0.7714372544675221 0.005324536831702887 0.011019320616851047
0 0.8593860364081799 0.7261793015454229 0.005142526308359407 0.007894320616851047
0 0.8466207258989537 0.7084151030875503 0.001744510523343834 0.0031522735389504673
0 0.99296875 0.933203125 0.0140625 0.03046875
0 0.9507012811465081 0.723021299516828 0.04095819994353036 0.06002956493480802
0 0.8651501889966635 0.7714372544675221 0.005324536831702887 0.011019320616851047
0 0.8593860364081799 0.7261793015454229 0.005142526308359407 0.007894320616851047
0 0.8466207258989537 0.7084151030875503 0.001744510523343834 0.0031522735389504673