0 0.303462033695696 0.15987886007158583 0.006452095792955604 0.014381018415851442
0 0.303462033695696 0.15987886007158583 0.006452095792955604 0.014381018415851442
0 0.7178603463847721 0.41405427321870664 0.009904877723940863 0.019250528939195276
0 0.636987222809768 0.6948226429570349 0.00988845222957302 0.030142526308359407
0 0.6221272293044932 0.649218228494496 0.008670159654926124 0.023847023677523182
0 0.5985313741668208 0.6233347798310901 0.0062335745056321555 0.011256018415851443
0 0.5943355470632985 0.6300930140460747 0.006233574505631978 0.011256018415851443
0 0.5855670164312584 0.6159661127377153 0.0062335745056321555 0.011256018415851443
0 0.636987222809768 0.6948226429570349 0.00988845222957302 0.030142526308359407
0 0.6221272293044932 0.649218228494496 0.008670159654926124 0.023847023677523182
0 0.5985313741668208 0.6233347798310901 0.0062335745056321555 0.011256018415851443
0 0.5943355470632985 0.6300930140460747 0.006233574505631978 0.011256018415851443
0 0.5855670164312584 0.6159661127377153 0.0062335745056321555 0.011256018415851443