0 0.1410715145753553 0.3423374897898436 0.0649914532669877 0.03819163744281262
0 0.3537234680494853 0.2986741629003122 0.039227319892376045 0.021203505983923777
0 0.19214811321092112 0.27193309099631924 0.06470035483856425 0.03194163744281262
0 0.43577931596118014 0.2553131548743572 0.01915026033908216 0.009030161094166721
0 0.7020592874251328 0.2067165731867185 0.028670809553293885 0.012373366641249994
0 0.8007386321317572 0.15084614665777743 0.02681721112487061 0.0060869990500695085
0 0.03203125 0.69765625 0.0640625 0.053125
0 0.140980546316473 0.7064983676396352 0.051982031017246653 0.02696319671336802
0 0.2176340145753553 0.7066694806717878 0.06580909057054055 0.03899107123840295
0 0.17585317917435583 0.6744028211446873 0.03264983416039975 0.014026785619201476
0 0.386328125 0.6625 0.02734375 0.00625