0 0.219140625 0.493359375 0.06484375 0.01328125
0 0.47336024359211387 0.36196798126441176 0.0326134468568469 0.015114688031508016
0 0.6882478621819731 0.35179594921714974 0.03755565798171752 0.020966075304411545
0 0.01328125 0.76953125 0.0265625 0.0203125
0 0.14196894458504444 0.8111298501400828 0.10712544933804616 0.060889315761513886
0 0.36081529797586664 0.7076548084653342 0.08081550641014079 0.03072358363936125
0 0.3563161387535496 0.7457686385411947 0.05261773180303493 0.026865260001939718
0 0.528637421735267 0.7138017416408045 0.0509096825888232 0.02361271424430509
0 0.5533934229758666 0.6919347938368778 0.039008996071058635 0.018749871062045998
0 0.8467442396631725 0.9134670951994561 0.023020123035529316 0.00966191348570078
0 0.6485175821981837 0.9000735657372679 0.019041098428423452 0.007780549091614475
0 0.7051571301717957 0.9121831341441989 0.017478598428423454 0.007653003333979847