0 0.6099947547956946 0.30305123195451344 0.04477036606107632 0.013518292553055566
0 0.46328125 0.2453125 0.0265625 0.015625
0 0.670023587976014 0.2617345945117009 0.040465503333979844 0.01809668977951393
0 0.6647542732775161 0.22115505400067653 0.02095022878817261 0.008285278685347208
0 0.6237306605504197 0.2268062951669613 0.04684304909161448 0.019804660144236052
0 0.6712913157011707 0.20534821604477385 0.02394768303053816 0.006795513867708358
0 0.6269195623671908 0.18916082480223917 0.03657522878817261 0.00864895459715278
0 0.6502056178972441 0.18196559403673565 0.01600763727290353 0.005051175911805572
0 0.6549011056243405 0.17715989936539883 0.012882637272903707 0.004978440729444422
0 0.6247990819120283 0.17277275859782942 0.02394768303053816 0.006795513867708358
0 0.5629607738814901 0.1679501865516663 0.02069513727290371 0.005160278685347209
0 0.06111902577800103 0.804144545926267 0.05022314060688356 0.02300239532659738
0 0.11750475266966279 0.7421702429724302 0.04770404742462446 0.011247277735416717
0 0.20814553471692482 0.7881987166619093 0.04891573212215263 0.026091027735416716
0 0.4772779785828975 0.9105578734813886 0.03089918469752817 0.01553473423243048
0 0.5207809392637017 0.8825409964393574 0.03714918469752817 0.015680204597152782
0 0.5663645062331637 0.8752181524995308 0.027582866061076315 0.013118249050069508
0 0.5685090143385925 0.8583394504193746 0.024266547424624463 0.010701763867708358
0 0.7236030503238082 0.8645137757902945 0.07104582363742154 0.029725174011944588
0 0.7977977726735421 0.8960530834937842 0.03322695924333523 0.024946101823611143