0 0.6191852320420033 0.31709841009137774 0.05775422303029822 0.05518157863839157
0 0.626171875 0.3921875 0.02578125 0.034375
0 0.7632361350490012 0.38191774562725006 0.0053978950209781825 0.009757637272903708
0 0.6191852320420033 0.31709841009137774 0.05775422303029822 0.05518157863839157
0 0.626171875 0.3921875 0.02578125 0.034375
0 0.7632361350490012 0.38191774562725006 0.0053978950209781825 0.009757637272903708
0 0.3163171120163808 0.8350352736519693 0.022491229254075585 0.0406568219704317
0 0.4348034817296534 0.6926002830499348 0.007078794191141213 0.011447683030538159
0 0.3163171120163808 0.8350352736519693 0.022491229254075585 0.0406568219704317
0 0.4348034817296534 0.6926002830499348 0.007078794191141213 0.011447683030538159
0 0.998046875 0.755859375 0.00390625 0.03046875