0 0.3746835606912132 0.20516010759470776 0.026822118290882456 0.040906810669954295
0 0.34830318669250565 0.044259243933025785 0.02720285009228505 0.03466590133672707
0 0.34450875578626705 0.12783481259948037 0.01302043414544123 0.02044886000159085
0 0.32813862893595314 0.18228168360123026 0.01611515576781102 0.03219488200190899
0 0.3746835606912132 0.20516010759470776 0.026822118290882456 0.040906810669954295
0 0.34830318669250565 0.044259243933025785 0.02720285009228505 0.03466590133672707
0 0.34450875578626705 0.12783481259948037 0.01302043414544123 0.02044886000159085
0 0.32813862893595314 0.18228168360123026 0.01611515576781102 0.03219488200190899
0 0.476171875 0.703515625 0.00703125 0.03984375
0 0.6684644378506815 0.50604535292014 0.040423543337024984 0.058239761338317916
0 0.7193820835963434 0.8200618522438223 0.03400356261535631 0.043332376670909056
0 0.6684644378506815 0.50604535292014 0.040423543337024984 0.058239761338317916
0 0.7193820835963434 0.8200618522438223 0.03400356261535631 0.043332376670909056