0 0.3546875 0.4078125 0.0296875 0.0328125
0 0.2429315296946763 0.38887292961461845 0.040384919467652304 0.014208623575104084
0 0.26428591210905006 0.42449286640217065 0.019913251977166268 0.009829594889756876
0 0.7756584815198371 0.3657098195744276 0.01356775148287479 0.007340374525034754
0 0.18228649560714735 0.9708782103419971 0.04892958992388792 0.03235921153100705
0 0.2072486976794538 0.9417998674942714 0.02794858646384668 0.01548018284565984
0 0.2330398999989062 0.9139115834421361 0.02954291996194396 0.016297800436840326
0 0.868359375 0.993359375 0.06796875 0.01328125
0 0.9121490798466819 0.9826252158509554 0.03266791996194396 0.016370535619201477
0 0.7023861134399192 0.9394979843261462 0.027853085969555026 0.01313643284565984
0 0.7252068481168801 0.8674417995806254 0.027757585475263545 0.01079268284565984