0 0.38390292757258726 0.47440506733250337 0.015752286569131968 0.005923391066226813
0 0.3650525900916497 0.4527771140796869 0.012554551386770817 0.0027074628529813794
0 0.38763577830409757 0.43352583465237143 0.01731478656913197 0.00596885517284953
0 0.6700148066566498 0.24525646760318373 0.06833307912218753 0.0511737065847754
0 0.9445134458571532 0.9573360650230767 0.029851154160312632 0.007895068025830908
0 0.8993369977188893 0.9450914719576744 0.0235829703647223 0.006931961599340219
0 0.8738460352379518 0.9232702962517116 0.011046602773541636 0.005005748746358662
0 0.8807590905666149 0.9183967597315137 0.011046602773541636 0.005005748746358662
0 0.8665238445085073 0.9105657077719096 0.011046602773541636 0.005005748746358662
0 0.9445134458571532 0.9573360650230767 0.029851154160312632 0.007895068025830908
0 0.8993369977188893 0.9450914719576744 0.0235829703647223 0.006931961599340219
0 0.8738460352379518 0.9232702962517116 0.011046602773541636 0.005005748746358662
0 0.8807590905666149 0.9183967597315137 0.011046602773541636 0.005005748746358662
0 0.8665238445085073 0.9105657077719096 0.011046602773541636 0.005005748746358662