0 0.5132821614710237 0.3472005632728384 0.012169332973421909 0.007577059553293885
0 0.5210597358850141 0.3409420049601441 0.015294332973422087 0.007722608767505612
0 0.46819555173957295 0.3182279429256509 0.013731832973421908 0.0076498341603997485
0 0.4977427506136962 0.3234987168088857 0.024869592072720614 0.011284256410140792
0 0.5132821614710237 0.3472005632728384 0.012169332973421909 0.007577059553293885
0 0.5210597358850141 0.3409420049601441 0.015294332973422087 0.007722608767505612
0 0.46819555173957295 0.3182279429256509 0.013731832973421908 0.0076498341603997485
0 0.4977427506136962 0.3234987168088857 0.024869592072720614 0.011284256410140792
0 0.5126947270164282 0.5758681996453779 0.01846939774824676 0.008649407981717339
0 0.5039513814737924 0.542746407565178 0.01945090684754529 0.011810795285270358
0 0.3898446614710237 0.4942018418088857 0.016906897748246587 0.008576633374611476
0 0.5126947270164282 0.5758681996453779 0.01846939774824676 0.008649407981717339
0 0.5039513814737924 0.542746407565178 0.01945090684754529 0.011810795285270358
0 0.3898446614710237 0.4942018418088857 0.016906897748246587 0.008576633374611476
0 0.8879753292681816 0.6508424668088857 0.02952681369509058 0.023184942927905537