0 0.38778180985837807 0.5073584069263444 0.007235801542127618 0.011800566000954405
0 0.6948733354259232 0.40385269360679815 0.031573328327488784 0.06363578600413611
0 0.7697457631858668 0.3732879442632305 0.009770466314779824 0.02276533800127254
0 0.7872508630237111 0.3465163589274579 0.008961942775829712 0.021193747334499947
0 0.7971957430968459 0.3342888052594125 0.007317622158978665 0.016488066000954583
0 0.7806131022685333 0.3915245952617988 0.006454551542127618 0.011791475334181812
0 0.6948733354259232 0.40385269360679815 0.031573328327488784 0.06363578600413611
0 0.7697457631858668 0.3732879442632305 0.009770466314779824 0.02276533800127254
0 0.7872508630237111 0.3465163589274579 0.008961942775829712 0.021193747334499947
0 0.7971957430968459 0.3342888052594125 0.007317622158978665 0.016488066000954583
0 0.7806131022685333 0.3915245952617988 0.006454551542127618 0.011791475334181812
0 0.3302039991842781 0.8026080932726163 0.020076720779006862 0.03147726666931803
0 0.73984375 0.98828125 0.0140625 0.0234375
0 0.73984375 0.98828125 0.0140625 0.0234375