0 0.3046460785780484 0.3903616085215795 0.012643392273873389 0.030705139342673604
0 0.29666622312288576 0.37410992078409677 0.012181006667959692 0.03459320554708327
0 0.2971526363790655 0.33691871870394063 0.01238830075860431 0.027580139342673605
0 0.3033230169840094 0.3070311969524475 0.0057078660610763166 0.012609102773541636
0 0.2961402580450857 0.3197221268061455 0.00837048045516262 0.016569904160312454
0 0.3046460785780484 0.3903616085215795 0.012643392273873389 0.030705139342673604
0 0.29666622312288576 0.37410992078409677 0.012181006667959692 0.03459320554708327
0 0.2971526363790655 0.33691871870394063 0.01238830075860431 0.027580139342673605
0 0.3033230169840094 0.3070311969524475 0.0057078660610763166 0.012609102773541636
0 0.2961402580450857 0.3197221268061455 0.00837048045516262 0.016569904160312454
0 0.45836100994159656 0.8239533988904336 0.0480705803053814 0.06350010875746541
0 0.3688120966854168 0.8632175536678816 0.0072065931822589135 0.0118642203647223
0 0.36670765615342393 0.818259311076701 0.006170251666990012 0.008721036569131969
0 0.3557702206224008 0.7993368916237843 0.0025988415152690793 0.003179551386770818
0 0.45836100994159656 0.8239533988904336 0.0480705803053814 0.06350010875746541
0 0.3688120966854168 0.8632175536678816 0.0072065931822589135 0.0118642203647223
0 0.36670765615342393 0.818259311076701 0.006170251666990012 0.008721036569131969
0 0.3557702206224008 0.7993368916237843 0.0025988415152690793 0.003179551386770818
0 0.6654480450933175 0.4716745985957635 0.017585983789142647 0.03393924211621524