0 0.7630599202168264 0.020058762333246705 0.031415943361304245 0.014987142273873388
0 0.8091240704242857 0.01668678748302792 0.024988344606059698 0.01213320924333523
0 0.839453125 0.0015625 0.01171875 0.003125
0 0.7630599202168264 0.020058762333246705 0.031415943361304245 0.014987142273873388
0 0.8091240704242857 0.01668678748302792 0.024988344606059698 0.01213320924333523
0 0.839453125 0.0015625 0.01171875 0.003125
0 0.25496215506997943 0.6358274124830279 0.03615098755244528 0.026243506667959694
0 0.2888111091165958 0.5938552587697459 0.013932445435896668 0.009677888939893542
0 0.3031404685571525 0.5635699041480782 0.013814046265733636 0.008115388939893543
0 0.25496215506997943 0.6358274124830279 0.03615098755244528 0.026243506667959694
0 0.2888111091165958 0.5938552587697459 0.013932445435896668 0.009677888939893542
0 0.3031404685571525 0.5635699041480782 0.013814046265733636 0.008115388939893543
0 0.6943372134709177 0.6707050590693082 0.034706886722608486 0.02767846091032524
0 0.8117197953170727 0.6739340929284923 0.02882373962703788 0.02176330075860431
0 0.727488350505876 0.5969567468712953 0.013873245850815152 0.008896638939893542
0 0.678394749988389 0.5532145411914609 0.009067346680652122 0.006951501666990012
0 0.6335737910676416 0.5401802660416797 0.03153434253146727 0.01654964227387339