0 0.40699761066025636 0.1570342494855259 0.007839771077238922 0.005051373035529138
0 0.41674732753186705 0.1593137831911143 0.006277271077238922 0.004978598428423453
0 0.42301778083979624 0.15550705976269086 0.007839771077238922 0.005051373035529138
0 0.8272601136853185 0.05324996991602138 0.029728406615858204 0.008413967535011224
0 0.7820089736091059 0.044813558522091235 0.023473861436318445 0.007341619106587771
0 0.7567387958669108 0.025293020887561468 0.010964771077238922 0.005196922249740865
0 0.7634066919441498 0.020296228807361504 0.010964771077238922 0.005196922249741043
0 0.7497779961497779 0.013511131619537764 0.010964771077238922 0.005196922249741043
0 0.8272601136853185 0.05324996991602138 0.029728406615858204 0.008413967535011224
0 0.7820089736091059 0.044813558522091235 0.023473861436318445 0.007341619106587771
0 0.7567387958669108 0.025293020887561468 0.010964771077238922 0.005196922249740865
0 0.7634066919441498 0.020296228807361504 0.010964771077238922 0.005196922249741043
0 0.7497779961497779 0.013511131619537764 0.010964771077238922 0.005196922249741043
0 0.0671533397794093 0.7432629637107684 0.12291532523376905 0.05024405665780982