0 0.7546553739109609 0.226104135264185 0.035162261678482486 0.054297148671227105
0 0.7596019440151094 0.3155299882638668 0.02916231426490725 0.06281817333704538
0 0.8009077313599837 0.3787427845918444 0.007372230799670021 0.011800566000954405
0 0.8097443480134601 0.3735601169239581 0.008244409012915455 0.014934656667727175
0 0.8097958237985651 0.4290470482575035 0.007417694906292738 0.013363066000954405
0 0.8171692288527013 0.40043597125638986 0.010860943652651578 0.024336928668045488
0 0.7546553739109609 0.226104135264185 0.035162261678482486 0.054297148671227105
0 0.7596019440151094 0.3155299882638668 0.02916231426490725 0.06281817333704538
0 0.8009077313599837 0.3787427845918444 0.007372230799670021 0.011800566000954405
0 0.8097443480134601 0.3735601169239581 0.008244409012915455 0.014934656667727175
0 0.8097958237985651 0.4290470482575035 0.007417694906292738 0.013363066000954405
0 0.8171692288527013 0.40043597125638986 0.010860943652651578 0.024336928668045488
0 0.5468279851209074 0.719450147935253 0.018855300079142268 0.030677835335772664