0 0.3923691262915005 0.2608532115010277 0.046918762357289624 0.06040825939154004
0 0.4199317228883248 0.32476250844013804 0.010139003954332714 0.019132001977166267
0 0.4500562688388519 0.3462687646187829 0.01956042490485981 0.039794670456235436
0 0.48276597461834536 0.3355123132879137 0.01708934091247105 0.03657416996194396
0 0.4472980361204669 0.23072334836402586 0.016898339923887916 0.03188666996194396
0 0.4690065749037659 0.21795872805979596 0.014618256920082118 0.0333536694676523
0 0.840625 0.35390625 0.0484375 0.0515625
0 0.7867922996948951 0.11825054672914552 0.01930575692008212 0.03354467045623544
0 0.7555058310638203 0.06822866555050071 0.014363588935304605 0.027103669467652303
0 0.8807690872610557 0.29990906501793424 0.012019838935304606 0.027008168973360825
0 0.48266188591159603 0.7728140185731156 0.014490922927693361 0.030228669467652302
0 0.5003295121659155 0.9767116455502819 0.00954875494291585 0.023787668479069168
0 0.5190722184397005 0.9677259412536632 0.008703837946721471 0.02219333498097207
0 0.5120257337441492 0.8426463575084202 0.0037616699619439586 0.015752333992388755
0 0.44915037825007637 0.7351807201511306 0.03014775642579064 0.031646589429596264