0 0.19711382696592175 0.07575404991948523 0.05058868487716293 0.10327880823145748
0 0.21272342125171165 0.344132235695134 0.06447768863808676 0.07124423620519008
0 0.19106738159741052 0.37731987194575256 0.02307979882550093 0.04255267017181659
0 0.22671237074360437 0.39595920793617206 0.018673443652651577 0.025160452283992107
0 0.2518601290901281 0.4023475274182481 0.033667957838416564 0.057928686680159915
0 0.21530768939625594 0.4195433324839165 0.019682014185764984 0.03301389586155708
0 0.23944570295520026 0.45825116802208027 0.011505801332783606 0.020104460085908115
0 0.13968791227836724 0.34069463619281815 0.014008675705962936 0.025696040818602838
0 0.1573342334383013 0.3439596166880278 0.012377979546028862 0.023270403663473084
0 0.11302729813217346 0.32252615134439483 0.012423443652651401 0.02483290366347326
0 0.11473689914838783 0.22042806280978403 0.020849709092057724 0.04633608943912186
0 0.09829955690766212 0.24530855410335678 0.008335337226160889 0.018378185775648603
0 0.07824011533332804 0.27974995250910506 0.004937552586424765 0.008839411465389269
0 0.5785242659997198 0.3470757719911811 0.008380801332783605 0.019940685775648604
0 0.5603562818680909 0.28566908186231876 0.005832462852981379 0.012786605042954058
0 0.5608851307727343 0.357462194707189 0.005673338479802048 0.0073178550429542355
0 0.5566564519326682 0.3595807550305822 0.00500574874635884 0.01118316146538927
0 0.9116538404916126 0.8889993393813214 0.02307979882550093 0.04255267017181659
0 0.8800837601604785 0.8093389552226385 0.022162156505633135 0.03782422659425162
0 0.8643409198002147 0.8178746118825586 0.02271608597251955 0.030052670171816585
0 0.8541266654124703 0.8555621800078679 0.011551265439406322 0.021666960085908293
0 0.8425371217993899 0.8459841231331773 0.009897837226160888 0.01846007293077854
0 0.8452631366119755 0.8726489820770894 0.012423443652651578 0.02483290366347326
0 0.8622808035424498 0.9749484664732572 0.01221885517284953 0.01780165366347326