0 0.12793195306847638 0.38740387820281585 0.014001586817585477 0.026363446856846905
0 0.12793195306847638 0.38740387820281585 0.014001586817585477 0.026363446856846905
0 0.7100784176933658 0.23792078173886305 0.023224668373499215 0.050946069892376045
0 0.6872478624458113 0.25330818723938114 0.023922618387616622 0.036175094499482086
0 0.700419573018566 0.30288225196221613 0.026357373649288363 0.03784675641014079
0 0.07887631491429677 0.8173985162302397 0.023050363125944707 0.03457620719592906
0 0.12599038598216028 0.8356519603987449 0.008586044724210673 0.013645123035529139
0 0.15758550835132432 0.8379068961926386 0.007023544724210851 0.013572348428423453
0 0.07887631491429677 0.8173985162302397 0.023050363125944707 0.03457620719592906
0 0.12599038598216028 0.8356519603987449 0.008586044724210673 0.013645123035529139
0 0.15758550835132432 0.8379068961926386 0.007023544724210851 0.013572348428423453