0 0.468935660002194 0.2515631081606853 0.008630853919208193 0.028261367694751627
0 0.9045656199521815 0.05896473072670094 0.024551370612255853 0.03869035308425506
0 0.8325142582800167 0.2556340892894803 0.020758780878812288 0.04252841923687924
0 0.817234419173394 0.2543375062942461 0.018369566772189573 0.04092500892845372
0 0.8133748075344827 0.21571335998740926 0.009207515439406322 0.021243754464226862
0 0.821638285431159 0.09675880844528169 0.014031407759274117 0.02601307508107791
0 0.7913472117639424 0.11682871083955089 0.00943483597251955 0.029056254464226862
0 0.8022009694836456 0.1271914894516361 0.008426265439406323 0.021230117694751714
0 0.1950669083195878 0.9713349786964584 0.012696228292387701 0.033798301542127616
0 0.1960975535757033 0.8724386698490825 0.007599551332783605 0.019653980925276572
0 0.20177206630997127 0.8391196323085435 0.009207515439406322 0.021243754464226862
0 0.22387372951277537 0.7390738806853381 0.012605300079142267 0.030673301542127617
0 0.24662090772602072 0.7418034143705582 0.0158212282923877 0.0338528486200282
0 0.9508527328114807 0.9086596777632387 0.023147994985435006 0.04413182954530477