0 0.013671875 0.5453125 0.02734375 0.0578125
0 0.05153984547634316 0.47859363267063254 0.0181596475406721 0.03427927621279707
0 0.06580434552544104 0.4473515559287521 0.01661078307929138 0.03649548045516262
0 0.08201969798476902 0.41587828638391466 0.005527837334017604 0.010602660151720756
0 0.4570333335233885 0.478330746835198 0.018168737899751618 0.03584177621279707
0 0.48588224789829376 0.3366134912302542 0.028374984874689525 0.045264573637421535
0 0.018077905682997653 0.8160460931219159 0.032326686670087666 0.053395938031508015
0 0.03666882439910424 0.7902328922135304 0.020507942720211857 0.035251844849248926
0 0.015234375 0.64453125 0.03046875 0.0546875
0 0.069140625 0.621875 0.04140625 0.084375
0 0.10427396003591953 0.7332811326706327 0.013417605386194253 0.024521638939893543
0 0.10648135464972527 0.7100349513070844 0.013426695745273953 0.02608413893989354