0 0.24190577024257404 0.1738757635812668 0.005536927693097127 0.012101162252816166
0 0.2303276603678846 0.13011487391471926 0.005527837334017604 0.010538662252816166
0 0.9201625804492284 0.1721111677883112 0.007898858411256348 0.015390053218308709
0 0.3914452158405541 0.8188085282478145 0.03625566256778665 0.05720049480421992
0 0.393268542783246 0.7295192942133071 0.030832364363184796 0.06463058255140375
0 0.356949247701902 0.6613812994090871 0.007099427693097127 0.012210422896477802
0 0.3476015187791409 0.6654132355471167 0.007898858411256527 0.015390053218308709
0 0.3515779586215844 0.6106355773171865 0.007889768052176649 0.013827553218308707
0 0.3423643124952475 0.637714388455216 0.011859650565734015 0.02503820482746306
0 0.3914452158405541 0.8188085282478145 0.03625566256778665 0.05720049480421992
0 0.393268542783246 0.7295192942133071 0.030832364363184796 0.06463058255140375
0 0.356949247701902 0.6613812994090871 0.007099427693097127 0.012210422896477802
0 0.3476015187791409 0.6654132355471167 0.007898858411256527 0.015390053218308709
0 0.3515779586215844 0.6106355773171865 0.007889768052176649 0.013827553218308707
0 0.3423643124952475 0.637714388455216 0.011859650565734015 0.02503820482746306
0 0.8661063395244148 0.8502575831432203 0.057722117290050966 0.12273801349365332
0 0.8661063395244148 0.8502575831432203 0.057722117290050966 0.12273801349365332