0 0.2654479806243405 0.4261305267345423 0.015242233789142468 0.033739200668363625
0 0.8046853080547841 0.3348146360598154 0.018877416819680626 0.04002556333545435
0 0.8593493606253103 0.19652029740211044 0.03152080909355419 0.07061249200349984
0 0.842578125 0.033984375 0.03046875 0.06796875
0 0.8680153869830395 0.03973904073836034 0.024409939698497852 0.04087044800286348
0 0.44858662358677687 0.8789609010781101 0.04408458197237142 0.07153919267186346
0 0.4289277633601653 0.8962935780752466 0.024218621062045996 0.03852669800286357
0 0.3826350293415019 0.8024842150699968 0.02039211939505616 0.029896585335772663
0 0.4009788801701477 0.6782066494072012 0.02595646424430509 0.05025453866963616
0 0.4421875 0.61953125 0.0234375 0.0203125
0 0.38312131365972785 0.8036606354033833 0.018829619395056164 0.029878404002227122
0 0.3533143200981666 0.7779472917329515 0.01766573212215263 0.02518181333545435
0 0.3370117816124658 0.7551228643976561 0.006871753333980024 0.01725113466740904
0 0.3307698338085392 0.7312447407304061 0.0094068219704317 0.019622156667727354
0 0.3211238313080543 0.7182541183959061 0.005580320303441688 0.01099204400063627