0 0.450390625 0.44453125 0.03046875 0.0109375
0 0.44895359962624715 0.4222794085089768 0.04603319324473994 0.027072554092584335
0 0.4162761547619061 0.4277721861592429 0.021163601172019143 0.014939344849248925
0 0.973046875 0.078125 0.05390625 0.071875
0 0.7792261389534898 0.05843244820262559 0.042858128469915255 0.026036212577315254
0 0.6956824537283144 0.05239000016917785 0.03812056369509058 0.024872325304411545
0 0.6976309315199349 0.03428571668444693 0.031089313695090583 0.02429836939505616
0 0.7277195485003704 0.012649768276546246 0.02184472162236979 0.013440617728066328
0 0.71484375 0.004296875 0.01875 0.00859375
0 0.73984375 0.002734375 0.025 0.00546875
0 0.24546645665836256 0.9360073265366055 0.06663558991325225 0.05750935318419863
0 0.34959335093669386 0.9297410287375278 0.051271405767811015 0.03604894136548786
0 0.3744385094038405 0.9111742951779064 0.029226425046142524 0.019483323637421536
0 0.403664934449983 0.9306576188153279 0.0333829989202659 0.023708438031508017
0 0.054150443009414496 0.9157273576657834 0.03713905459579188 0.021683552425594322
0 0.3345703257982663 0.877221935555269 0.01856952729789576 0.010841776212797073
0 0.3079129422388348 0.861445555554299 0.02023215684754511 0.0125318219704317
0 0.29430686998431277 0.8249739738114487 0.023307092072720616 0.01200566348570078
0 0.29279968074935514 0.8135820759326314 0.02184472162236979 0.013440617728066328
0 0.021484375 0.97734375 0.04296875 0.0453125
0 0.6612935121031759 0.9090464072164398 0.08174015576781102 0.03853608363936125
0 0.6648935286821719 0.9470326915346657 0.05414608189368782 0.03239778288075694
0 0.8313655814276497 0.9252607583591956 0.052333258019564434 0.028363987123122315
0 0.8513980779577347 0.9043582625266705 0.040314119370616554 0.0227198939408634