0 0.683984375 0.41640625 0.01796875 0.00625
0 0.7297853333338884 0.364623098430678 0.02451426669304748 0.011284256410140792
0 0.6172656071198184 0.8506922042002557 0.030832462852981378 0.013919104838564244
0 0.6346235975196534 0.8440323085220912 0.03471598079967002 0.013319791356328815
0 0.6707698660931627 0.8485902989068801 0.027684730799670022 0.012992305624352518
0 0.6993692333734596 0.8577908436754218 0.012659124373179332 0.006050946856846906
0 0.6879005359598843 0.8497429032287156 0.016633570533113408 0.008576633374611476
0 0.6172656071198184 0.8506922042002557 0.030832462852981378 0.013919104838564244
0 0.6346235975196534 0.8440323085220912 0.03471598079967002 0.013319791356328815
0 0.6707698660931627 0.8485902989068801 0.027684730799670022 0.012992305624352518
0 0.6993692333734596 0.8577908436754218 0.012659124373179332 0.006050946856846906
0 0.6879005359598843 0.8497429032287156 0.016633570533113408 0.008576633374611476