0 0.5055643201150433 0.19576742187853213 0.03838867935348418 0.061201924452321775
0 0.4792438771871311 0.1218680948793569 0.01889192144481875 0.02317908722616089
0 0.47757064199728816 0.249314139119258 0.019019255437207505 0.02630408722616089
0 0.4555185812180135 0.33940493586644144 0.015208505931499161 0.028534176959604095
0 0.4367168430810116 0.2825411704270353 0.018220759391540043 0.04500862311953817
0 0.4391388475296358 0.26149288453365793 0.009389587452429992 0.019781302586424764
0 0.5055643201150433 0.19576742187853213 0.03838867935348418 0.061201924452321775
0 0.4792438771871311 0.1218680948793569 0.01889192144481875 0.02317908722616089
0 0.47757064199728816 0.249314139119258 0.019019255437207505 0.02630408722616089
0 0.4555185812180135 0.33940493586644144 0.015208505931499161 0.028534176959604095
0 0.4367168430810116 0.2825411704270353 0.018220759391540043 0.04500862311953817
0 0.4391388475296358 0.26149288453365793 0.009389587452429992 0.019781302586424764
0 0.2578510147915665 0.7466623321450889 0.022526257414373772 0.035770015439406146
0 0.2646050683850227 0.8880416699980703 0.02112292490485963 0.039630801332783606
0 0.8308110123201086 0.4966108563599837 0.013200336958138336 0.017551212852981467
0 0.8344473596397798 0.6281222749730642 0.011733337452429993 0.019849498746358663