0 0.39946298035303823 0.29165348944395175 0.04442639619489306 0.0677391570570359
0 0.3964428341581452 0.22680973944395175 0.023767139784752266 0.04215464901126431
0 0.3793837667469684 0.2450844920418418 0.026258593051739963 0.07892802933309521
0 0.43490177046876743 0.3085376637654253 0.018679379445670108 0.03323311708027923
0 0.482421875 0.3734375 0.01484375 0.0375
0 0.7979774472688771 0.2860097768228186 0.021168678659881833 0.03652200804577168
0 0.8220367625084407 0.3511566705122521 0.0224593509096227 0.0475141383676025
0 0.8528800979094402 0.3864084325809095 0.007831770678164318 0.0176791728964778
0 0.823661382648486 0.4696335189030977 0.010575781017246655 0.02643681386197052
0 0.3468463255763913 0.8820299760763491 0.02505781203449331 0.05314677933309504
0 0.87890625 0.987109375 0.0265625 0.02578125