0 0.6915716010841957 0.3056692608081498 0.04016797659425162 0.02382526609154336
0 0.823828125 0.317578125 0.03203125 0.02421875
0 0.7938622407835167 0.26009486284372907 0.03831887155129756 0.01824725544788173
0 0.8247929972286661 0.21441369916591713 0.009620661465389091 0.005343063861970343
0 0.787540319707189 0.2142742644528834 0.009620661465389268 0.0053430638619705205
0 0.6915716010841957 0.3056692608081498 0.04016797659425162 0.02382526609154336
0 0.823828125 0.317578125 0.03203125 0.02421875
0 0.7938622407835167 0.26009486284372907 0.03831887155129756 0.01824725544788173
0 0.8247929972286661 0.21441369916591713 0.009620661465389091 0.005343063861970343
0 0.787540319707189 0.2142742644528834 0.009620661465389268 0.0053430638619705205
0 0.07215267610690983 0.7828194917405641 0.015911605042954236 0.006561356436617416
0 0.858849832936172 0.6158921227310861 0.03050637155129756 0.01770095222957302
0 0.6472434079588864 0.5879549239817585 0.06047715456798421 0.04003477413731495
0 0.69391148942675 0.49843913790183675 0.01118316146538927 0.005452324505632156
0 0.6487030093837959 0.4961116314071116 0.008058161465389091 0.005233803218308708
0 0.6308604121427578 0.4848134984873907 0.003206887155129756 0.0017810212873236252
0 0.858849832936172 0.6158921227310861 0.03050637155129756 0.01770095222957302
0 0.6472434079588864 0.5879549239817585 0.06047715456798421 0.04003477413731495
0 0.69391148942675 0.49843913790183675 0.01118316146538927 0.005452324505632156
0 0.6487030093837959 0.4961116314071116 0.008058161465389091 0.005233803218308708
0 0.6308604121427578 0.4848134984873907 0.003206887155129756 0.0017810212873236252