0 0.27689102831458323 0.3038040334018632 0.006425343182258914 0.011941584486680413
0 0.7492286073274277 0.23563170631096603 0.03577787439602602 0.05674208992388792
0 0.8454024280053225 0.34419427005599024 0.017187371062045997 0.03885425296574958
0 0.8715420297520522 0.23042556526508004 0.014987142273873388 0.030978085969555202
0 0.880016286190491 0.25624594248939214 0.02144430742656418 0.06238725346004124
0 0.7492286073274277 0.23563170631096603 0.03577787439602602 0.05674208992388792
0 0.8454024280053225 0.34419427005599024 0.017187371062045997 0.03885425296574958
0 0.8715420297520522 0.23042556526508004 0.014987142273873388 0.030978085969555202
0 0.880016286190491 0.25624594248939214 0.02144430742656418 0.06238725346004124
0 0.14372751960518046 0.4613559009874894 0.024059124396026022 0.056264587452429994
0 0.16284418142389132 0.44802557144372485 0.028284238790112326 0.06033000494291585
0 0.183203125 0.399609375 0.02421875 0.01953125
0 0.14372751960518046 0.4613559009874894 0.024059124396026022 0.056264587452429994
0 0.16284418142389132 0.44802557144372485 0.028284238790112326 0.06033000494291585
0 0.183203125 0.399609375 0.02421875 0.01953125