0 0.35790046877335635 0.42919870413308914 0.011211481803034929 0.022715337334017604
0 0.1771180606891951 0.5681271213366648 0.008503858767505612 0.014889201795398144
0 0.2059301692495584 0.6585046694921688 0.008285534946188023 0.010201701795398144
0 0.7759290690638065 0.7949873305965223 0.03848461124870504 0.05489657825883123
0 0.782439165320617 0.8844540911351416 0.03337973428423435 0.06267726200205263
0 0.7495581988190629 0.9498700128763105 0.007577059553294063 0.011759656615858205
0 0.7399648749977453 0.9451279707218327 0.00850385876750579 0.014889201795397966
0 0.746484375 0.996484375 0.00859375 0.00703125
0 0.7361603056220979 0.9724421770548239 0.012846756410140792 0.024286927693097128
0 0.7759290690638065 0.7949873305965223 0.03848461124870504 0.05489657825883123
0 0.782439165320617 0.8844540911351416 0.03337973428423435 0.06267726200205263
0 0.7495581988190629 0.9498700128763105 0.007577059553294063 0.011759656615858205
0 0.7399648749977453 0.9451279707218327 0.00850385876750579 0.014889201795397966
0 0.746484375 0.996484375 0.00859375 0.00703125
0 0.7361603056220979 0.9724421770548239 0.012846756410140792 0.024286927693097128