0 0.30057452062779716 0.13555976654657026 0.028670440006363408 0.04884169158591121
0 0.23040692395370668 0.1951093651895175 0.018450555338954365 0.04266274740210996
0 0.22050039361872945 0.20790161921240333 0.010438060669954296 0.02492894418380125
0 0.16160528325909435 0.40561231754514127 0.005596019334818081 0.011319912252816167
0 0.19501376927516176 0.2850130993500756 0.007303970003181703 0.0239291728964778
0 0.18149161660568466 0.30664493982120045 0.0065045386696361614 0.022312042574646897
0 0.8973786039147311 0.47226458598247306 0.01359942333704538 0.028272465471124875
0 0.8586089209500477 0.21503105820042454 0.01294544267186346 0.03915533514929388
0 0.44438541858293573 0.9073961977409214 0.008021585335772486 0.018515053218308708
0 0.39290101026418506 0.803661869464505 0.00401533800127254 0.009648151609154354
0 0.7475893312778662 0.6342125649472512 0.01136476133831792 0.03748357450563215
0 0.7956169302594125 0.7666810395109911 0.021012481341499623 0.0615766383676025
0 0.7873172585733906 0.9097235222465535 0.020231231341499623 0.06152200804577177
0 0.8049726542409588 0.9018537150053589 0.01047442333704538 0.02805394418380125