0 0.80045674420043 0.21353800727268446 0.024172128424238614 0.04222338879720091
0 0.80045674420043 0.21353800727268446 0.024172128424238614 0.04222338879720091
0 0.17172180395101436 0.6113723173356189 0.012535888797200911 0.021922544191141213
0 0.17172180395101436 0.6113723173356189 0.012535888797200911 0.021922544191141213
0 0.6407095249067203 0.7437471094521676 0.02613737012586892 0.057907588382282424
0 0.6534400342423863 0.7272345769836349 0.02949916846619498 0.06126938672260849
0 0.6452000978298056 0.6543711284358495 0.02588891639160238 0.0648796387972009
0 0.6166597781188552 0.5955046912983227 0.01583848755244528 0.024503092531467274
0 0.6407095249067203 0.7437471094521676 0.02613737012586892 0.057907588382282424
0 0.6534400342423863 0.7272345769836349 0.02949916846619498 0.06126938672260849
0 0.6452000978298056 0.6543711284358495 0.02588891639160238 0.0648796387972009
0 0.6166597781188552 0.5955046912983227 0.01583848755244528 0.024503092531467274