0 0.8872722793274246 0.08173225023588584 0.011984060509226246 0.018223323138263935
0 0.43706017672482356 0.6266265229373095 0.00789579998588259 0.015007404160312455
0 0.43706017672482356 0.6266265229373095 0.00789579998588259 0.015007404160312455
0 0.9488240648437095 0.9040887942138373 0.01588260523343692 0.03157730832062509
0 0.9310068687758462 0.8876367581196705 0.006932539462538756 0.01186422036472221
0 0.9144039267248235 0.9443588835946357 0.010876586817585476 0.025999455547083272
0 0.8982139964772692 0.9604105495806253 0.008950065770898163 0.019713087955902785
0 0.9488240648437095 0.9040887942138373 0.01588260523343692 0.03157730832062509
0 0.9310068687758462 0.8876367581196705 0.006932539462538756 0.01186422036472221
0 0.9144039267248235 0.9443588835946357 0.010876586817585476 0.025999455547083272
0 0.8982139964772692 0.9604105495806253 0.008950065770898163 0.019713087955902785