0 0.28886486982985227 0.3990140278543272 0.017825099850218785 0.04617556323171641
0 0.295608690592336 0.26852255195662816 0.01057070924333523 0.024268746974937905
0 0.2899962904425548 0.22237425980215045 0.013042005000969858 0.025844882513557366
0 0.2543612280996097 0.0748313788502221 0.023883781213767108 0.04386817466803503
0 0.1961499864345595 0.03150355966657721 0.03616051166892955 0.06033805718159235
0 0.5310523698298523 0.2005992537520262 0.015242233789142468 0.03366647287263689
0 0.5178748958131285 0.24233931400777867 0.011495480455162622 0.016465337334017605
0 0.526627626727333 0.1063881784691592 0.00889663893989372 0.013326701795398143
0 0.0969319455933058 0.9157651906185056 0.03416757697140156 0.04548976200205255
0 0.6081496607314489 0.870418601771957 0.043239559093554106 0.07053066861791084
0 0.6274178959580605 0.8881171740297619 0.02337359818322886 0.037618174668035034
0 0.6752093570979067 0.7957731257760621 0.02039211939505616 0.02979203912941557
0 0.65859375 0.67734375 0.025 0.0359375
0 0.6751136977796809 0.7969450007760621 0.018829619395056164 0.02978294877033605
0 0.7048569184624247 0.7724969796497253 0.01766573212215263 0.02509090359079611
0 0.7219407069481255 0.7499293606507516 0.006871753333980024 0.017219316256778684
0 0.7285413933126436 0.7265191317279903 0.0086255719704317 0.019572156615858205
0 0.7382192822525371 0.7132878787029282 0.005580320303441688 0.010964771077238922