0 0.15680652231783904 0.19849714528423643 0.009111947240056395 0.03023821252307126
0 0.6763124758488464 0.2766768572674406 0.005741485389503431 0.015975453423772556
0 0.20857534820969584 0.6669980189737896 0.019500022321134302 0.044170304595791875
0 0.22062533481701524 0.6404157325765951 0.018555131087432387 0.0347452398209672
0 0.24229578327488763 0.6272951688815046 0.02154376339268076 0.027132998920265904
0 0.20509974634325676 0.6023044632982636 0.013703989853730291 0.025069851172019143
0 0.15818206168510204 0.46843940546326923 0.014703428165332965 0.037619915946843815
0 0.1496360403782651 0.4717244929863405 0.013758536931630871 0.028194851172019142
0 0.8409930663495521 0.8519743950535238 0.04859323295387128 0.10144138648947951
0 0.8113796814068011 0.790911134334624 0.011401150162155815 0.027263406847545114
0 0.8051521136309713 0.7701928701458088 0.008975579545304768 0.02242571252307126
0 0.7954430127788297 0.7516530224437048 0.011482970779006863 0.03195090684754529
0 0.7986469691508584 0.7111683235695815 0.011346603084255058 0.024138406847545292
0 0.763613450076135 0.7204524884366912 0.010538079545304769 0.022525842072720615