0 0.30830582952361196 0.2737116127874323 0.02410117280870363 0.03511160998146643
0 0.27665493407125075 0.2279390385594054 0.01808561866166656 0.028670637023308566
0 0.4334244695093529 0.7086682273041452 0.007411958812453712 0.013499504809323427
0 0.551171875 0.560546875 0.02265625 0.05078125
0 0.552734375 0.75625 0.02578125 0.0453125
0 0.5615248561728946 0.7153162867877159 0.01822231969842587 0.030233137023308564
0 0.5767886254707186 0.7244693147366071 0.008193208812453712 0.01352678666048881
0 0.5905421310787509 0.6030940671412688 0.007685360885972159 0.016624504809323426
0 0.601899650376575 0.612110685834333 0.0072752577756944 0.011937004809323425
0 0.6115921438968296 0.6222446158250662 0.0027538531102777597 0.004769345553496151
0 0.6179740639722231 0.6299120274855551 0.0028905541470370722 0.0063318455534963295