0 0.508984375 0.284375 0.04140625 0.078125
0 0.4868181128531844 0.20876788474417557 0.02710787427505377 0.04884660308425515
0 0.5030125512285001 0.4686874683483177 0.036056821785542856 0.05368410754848192
0 0.4426616806900349 0.4311201716758065 0.029581678839157098 0.04030740016215582
0 0.4130042417902656 0.4055005858395509 0.012535888797200911 0.021284664772652385
0 0.45608019687417817 0.3672982922115796 0.014335187137526972 0.024436938311602673
0 0.3993270004009853 0.37492076461379187 0.012228235477853034 0.02752102800317715
0 0.38495101938466725 0.36385855661855776 0.005634693361304244 0.012581820616851046
0 0.3926285597389735 0.2985764529253946 0.00827444128671182 0.01652898092527657
0 0.713564500613089 0.2319432191590966 0.008037642946385759 0.01340398092527657
0 0.393087271871856 0.6632206954182754 0.03059972717948316 0.04344603693163087
0 0.3089921706294227 0.5683318224468703 0.018774233403260433 0.031536372158978664
0 0.2908404554848979 0.5401707534532247 0.014145932988341946 0.032235801542127615
0 0.26460938089981634 0.5414088352306429 0.011636239627037881 0.01970852800317715
0 0.7230700164848822 0.5624812429015655 0.04852185560372178 0.08433013555165916