0 0.21324902481092706 0.4138092638858362 0.031649832657916474 0.05129073547785303
0 0.18186267803898276 0.44878254874131135 0.04494064458064813 0.07014747925407558
0 0.14372113871303327 0.28598164573431345 0.010302512959490783 0.020182445435896666
0 0.13599168638032494 0.2900596667925878 0.008603311922731472 0.018501546265733637
0 0.14703135789307958 0.25701619614923193 0.013193067106527678 0.026610044191141213
0 0.14290199528692238 0.3884850500909575 0.023222177992499836 0.043667489627037884
0 0.987109375 0.24765625 0.02578125 0.08125
0 0.9799577169174547 0.3306711661678879 0.02689398213953691 0.050154287967363945
0 0.9699742900562505 0.07222004874131134 0.0358294847314351 0.05471173340326043
0 0.9141204045472462 0.1296132465641504 0.030048376437360958 0.041856535892771426
0 0.8873532072569221 0.16501258390913653 0.012001713996249918 0.0218633446060597
0 0.9339599404095841 0.186703234841542 0.014618866069768543 0.025165943361304243
0 0.8769580847074081 0.19955935496741084 0.01176726814328699 0.028054145020978184
0 0.8639406748581953 0.21529109874363356 0.0057811082940741445 0.01285519751048909
0 0.8776474336470148 0.27595008390913656 0.007685360885972159 0.016879846680652122
0 0.95078125 0.66328125 0.01875 0.0078125
0 0.9375 0.68046875 0.028125 0.0421875
0 0.9731164670588669 0.6821982386783769 0.028857023327083196 0.037109836307690006
0 0.9921875 0.77890625 0.015625 0.0265625
0 0.8953125 0.671875 0.01875 0.025