0 0.10403433663165082 0.46068481432425246 0.03868399170163021 0.016279564934808022
0 0.12194925343584959 0.42939874533060696 0.027332094606059697 0.010619900162155815
0 0.27738840364330886 0.43172183745616577 0.022348596680652123 0.006631829545304768
0 0.16150912221207228 0.44179251541962783 0.023177390871793248 0.017569329545304768
0 0.8864440949300206 0.5162662071795123 0.022585395020978182 0.009756829545304768
0 0.8953221874614877 0.530465074874264 0.01922359668065212 0.0065772824674041885
0 0.8604789571701159 0.4927965923257821 0.016039397095570607 0.005741485389503431
0 0.8272045158834043 0.47583123477730016 0.02391109668065212 0.006659103084255236
0 0.1996297952400484 0.9864786111986348 0.05065119543589667 0.009466503246410874
0 0.24004130768760304 0.9637774967502939 0.009730197510489091 0.004851141233702094
0 0.9599650279183626 0.7621180440284178 0.049491437137526975 0.02505059293798535