0 0.31343577055257726 0.03810184158514716 0.031355686789350655 0.057106844710093266
0 0.31343577055257726 0.03810184158514716 0.031355686789350655 0.057106844710093266
0 0.7218020073983975 0.08544727844508504 0.025530621018452493 0.037302578925077864
0 0.7218020073983975 0.08544727844508504 0.025530621018452493 0.037302578925077864
0 0.19006506645103158 0.7552543033321455 0.06296200256024882 0.07841269731269432
0 0.12324580464756352 0.7108753362881817 0.030582142065139806 0.043825594710093264
0 0.10845635609003831 0.5772626876106585 0.03247086575678075 0.03614960260260105
0 0.05728411657808845 0.6143801323983975 0.024976884172632198 0.041163326294241645
0 0.0059872915992645655 0.5892023390248984 0.006841534200867016 0.010520271046687313
0 0.013985290248553106 0.6262623587561679 0.006841534200867016 0.010520271046687313
0 0.19006506645103158 0.7552543033321455 0.06296200256024882 0.07841269731269432
0 0.12324580464756352 0.7108753362881817 0.030582142065139806 0.043825594710093264
0 0.10845635609003831 0.5772626876106585 0.03247086575678075 0.03614960260260105
0 0.05728411657808845 0.6143801323983975 0.024976884172632198 0.041163326294241645
0 0.0059872915992645655 0.5892023390248984 0.006841534200867016 0.010520271046687313
0 0.013985290248553106 0.6262623587561679 0.006841534200867016 0.010520271046687313
0 0.8764513455314009 0.7423161456231644 0.01069457629424182 0.023202281570031145
0 0.8846089679005651 0.7420126732469415 0.00858604472421085 0.01373627630835923
0 0.8846579586573459 0.7762739166698518 0.00876805524755433 0.01686127630835923