0 0.38307600758503446 0.241015625 0.018419035892771517 0.0265625
0 0.3457459334125493 0.1453125 0.043822700209781476 0.09375
0 0.8133967586223306 0.28828125 0.00983694128671182 0.01640625
0 0.7999679709673169 0.312109375 0.005634693361304244 0.0125
0 0.7729731294731458 0.29609375 0.00995534045687485 0.01796875
0 0.4455002475244223 0.74296875 0.029108082158505154 0.03359375
0 0.47391143528664903 0.86015625 0.02322493506293455 0.028125
0 0.37833698092768275 0.77421875 0.009600142946385759 0.01328125
0 0.32337633248246594 0.72421875 0.0069011954358966674 0.00859375
0 0.30119275654773825 0.67890625 0.017152533818179095 0.03046875
0 0.9681963687878337 0.950390625 0.01175463879720091 0.02109375
0 0.9681963687878337 0.950390625 0.01175463879720091 0.02109375