0 0.4735424234165871 0.43984375 0.007985222668681758 0.01484375
0 0.47248336073756486 0.348828125 0.006404541335136215 0.01328125
0 0.4735424234165871 0.43984375 0.007985222668681758 0.01484375
0 0.47248336073756486 0.348828125 0.006404541335136215 0.01328125
0 0.6654200197326333 0.02734375 0.007285788669636162 0.021875
0 0.2711893090785873 0.6046875 0.02093066534054504 0.053125
0 0.3173876017464735 0.613671875 0.006404541335136215 0.01328125
0 0.2711893090785873 0.6046875 0.02093066534054504 0.053125
0 0.3173876017464735 0.613671875 0.006404541335136215 0.01328125
0 0.7682867567432919 0.963671875 0.006422722668681757 0.01484375
0 0.7682867567432919 0.963671875 0.006422722668681757 0.01484375