0 0.575 0.0203125 0.059375 0.040625
0 0.5605026688842358 0.12679780420252387 0.02598192496187508 0.042914925705962934
0 0.5775190558520831 0.050678579242095 0.019550087005972293 0.03492056927947225
0 0.6269543783732114 0.1267769037339878 0.049021341090034906 0.12712244114536908
0 0.6478178914816141 0.2884304634132951 0.015552918028020812 0.030900659012915454
0 0.6618446771008155 0.25678565831958783 0.010901785619201475 0.03232676669304731
0 0.6675969089584198 0.16079420255948892 0.02490973423243048 0.0303921936526514
0 0.6877441217721524 0.2524576910788621 0.009829594889756876 0.019804034639736123
0 0.36658738169796834 0.5284022455457487 0.011719403210381962 0.03391199874635866
0 0.3535142655316836 0.569456148719423 0.009756859707395904 0.016679034639736124
0 0.36137483786218716 0.433264416039291 0.007340374525034754 0.013485838479802049
0 0.6625399072007289 0.39191433884226 0.022820557370694505 0.0412614974927175