0 0.20393156702980497 0.2762051797569014 0.07444176166892964 0.0658320362147368
0 0.22139870194715572 0.45676173028598477 0.023150328638391393 0.055436799091614475
0 0.23679250914419886 0.4535650341490481 0.016932279546777097 0.03630416181871077
0 0.2749295932426021 0.2525606435421645 0.023564916819680804 0.041501844849248924
0 0.2348145183972325 0.17357451627120063 0.022273483789142467 0.0351880719704317
0 0.2703140472554466 0.3138568821027559 0.021874871062046174 0.039811799091614475
0 0.28571584217958623 0.3153157995264106 0.017059825304411545 0.03786666181871077
0 0.27287340141807237 0.42035405035990553 0.010762027879787084 0.02726400166699001
0 0.28902449543382625 0.4031267406623774 0.013376844849248925 0.021269093182259093
0 0.3095681237678062 0.3843768051313544 0.006871753333979847 0.017633910151720757
0 0.6768995317934952 0.4924120589243762 0.023692462577315165 0.043064344849248926
0 0.8040356653579659 0.37998420634415153 0.01538575500096968 0.026865388939893542
0 0.82024235111851 0.30028079535893576 0.010634482122152632 0.025701501666990013