0 0.2023197878504875 0.4000244168816133 0.02879350346004106 0.018044344710093262
0 0.9579868325652855 0.2795910270590799 0.046585839923887915 0.03388915258848364
0 0.8883355422991117 0.28215916659926454 0.07799500741437378 0.03961550782192056
0 0.6690039163105286 0.26470817864978785 0.05036475593149907 0.030991665742663342
0 0.6445391213485847 0.24769534840929203 0.03250875247145792 0.013584357864272789
0 0.6813938283638071 0.24360672337399852 0.027821252471457926 0.013311342079257393
0 0.7618334034589473 0.2093219996117705 0.0294474194676523 0.01496484734092931
0 0.9266366969380165 0.22749405340273263 0.025732170456235437 0.019424834186749607
0 0.9253069837441492 0.2044244270873147 0.052358337452429994 0.022534423635170952
0 0.862814277470364 0.21052709030502276 0.03657416996194396 0.017718121018452493
0 0.368359375 0.672265625 0.02265625 0.03671875
0 0.7745370153602202 0.6350076626883043 0.01669275148287479 0.007986805247554329