0 0.48623113240586824 0.328515625 0.023577202344038463 0.0265625
0 0.46521008444075224 0.20546875 0.030347636489479513 0.046875
0 0.44473225092746327 0.201953125 0.013170628469915258 0.02265625
0 0.41164559222960406 0.2671875 0.025159488741233103 0.0390625
0 0.39058152182539596 0.2484375 0.011127267118863138 0.02734375
0 0.37448090646456167 0.255859375 0.010826878469915258 0.02265625
0 0.6117737480758569 0.371484375 0.004507027297895938 0.009375
0 0.20451660780730768 0.82734375 0.021403433065707134 0.04140625
0 0.15396874614710132 0.726171875 0.015514378469915258 0.02265625
0 0.13246638109542141 0.830078125 0.007151165946843818 0.0140625
0 0.1230762419066064 0.82421875 0.006269786397194466 0.0125
0 0.7598915287652263 0.69296875 0.020421923966408427 0.03828125
0 0.7002697975821324 0.8796875 0.006069527297895938 0.009375