0 0.487109375 0.004296875 0.01953125 0.00859375
0 0.61484375 0.038671875 0.0296875 0.01640625
0 0.6230952984945384 0.025349907450523103 0.03882688702330857 0.0158477137974506
0 0.67578125 0.008203125 0.0484375 0.01640625
0 0.7128113183223952 0.00998118921367519 0.015116568511654193 0.007898858411256348
0 0.61484375 0.038671875 0.0296875 0.01640625
0 0.6230952984945384 0.025349907450523103 0.03882688702330857 0.0158477137974506
0 0.67578125 0.008203125 0.0484375 0.01640625
0 0.7128113183223952 0.00998118921367519 0.015116568511654193 0.007898858411256348
0 0.3997694150994269 0.6976698141645773 0.03276785998146643 0.021280102361132334
0 0.8318180232667949 0.6985470338157604 0.03748264183263199 0.022088623438370904