0 0.352351829375109 0.297801318467274 0.012741692399010417 0.036112843182258915
0 0.34022390241550493 0.3128204116495329 0.011270120612255675 0.03911029742462446
0 0.3292349266303997 0.3690544361953402 0.012324155251991797 0.04854907030344169
0 0.33520913615142245 0.4048086052859848 0.005877926959604096 0.014508910151720756
0 0.352351829375109 0.297801318467274 0.012741692399010417 0.036112843182258915
0 0.34022390241550493 0.3128204116495329 0.011270120612255675 0.03911029742462446
0 0.3292349266303997 0.3690544361953402 0.012324155251991797 0.04854907030344169
0 0.33520913615142245 0.4048086052859848 0.005877926959604096 0.014508910151720756
0 0.7547422177361977 0.2318973282396926 0.007622283386094786 0.020886455909355384
0 0.7304128133088822 0.21089118536184515 0.0043154269596040965 0.014381364394086304
0 0.7547422177361977 0.2318973282396926 0.007622283386094786 0.020886455909355384
0 0.7304128133088822 0.21089118536184515 0.0043154269596040965 0.014381364394086304
0 0.8053655176174843 0.6551355863451214 0.008980194906292737 0.013982751666990012