0 0.6641556204498298 0.10474513257486553 0.09230682178554286 0.05826679728445949
0 0.734355548976637 0.10222249566551671 0.04582198547785303 0.0298918973268119
0 0.5664231490815277 0.13910966819703124 0.06209818091374952 0.03939569994353036
0 0.5375 0.083203125 0.015625 0.03515625
0 0.6641556204498298 0.10474513257486553 0.09230682178554286 0.05826679728445949
0 0.734355548976637 0.10222249566551671 0.04582198547785303 0.0298918973268119
0 0.5664231490815277 0.13910966819703124 0.06209818091374952 0.03939569994353036
0 0.5375 0.083203125 0.015625 0.03515625
0 0.08063809181813193 0.6758801680558569 0.04120534045687485 0.020289384172632197
0 0.08063809181813193 0.6758801680558569 0.04120534045687485 0.020289384172632197
0 0.570119432687603 0.5620556455878708 0.02848019751048909 0.006325594710093263