0 0.4806733702150254 0.48371857910959565 0.07805275370062788 0.11356510928660893
0 0.3732940619186057 0.3633128799821158 0.010726748920265905 0.021749313861970432
0 0.34495591571151857 0.5089038854299975 0.014352396668512313 0.02978033514929379
0 0.41220622454780537 0.9509141098676868 0.04877626387966068 0.09362966770069772
0 0.3797901943198614 0.9104119370972595 0.014052008019564433 0.02509283514929379
0 0.37308901256460114 0.9344230554764839 0.016545952344038283 0.02760047611478651
0 0.3678211204457381 0.9073251419247226 0.014933387569213785 0.026709965471124874
0 0.34561080621078044 0.8974993507750714 0.015033517118863138 0.028272465471124875
0 0.3188556882290525 0.7616464731771814 0.0062197216223697895 0.012101162252816166
0 0.83671875 0.719921875 0.0515625 0.03984375
0 0.760546875 0.9078125 0.02109375 0.0421875
0 0.765234375 0.744140625 0.03046875 0.06953125