0 0.373135793015768 0.47320242848378874 0.010592626623205348 0.025532266508343327
0 0.373135793015768 0.47320242848378874 0.010592626623205348 0.025532266508343327
0 0.9935982974799948 0.28424947111141385 0.005741485389503431 0.015911605042954236
0 0.9935982974799948 0.28424947111141385 0.005741485389503431 0.015911605042954236
0 0.4218704376993994 0.9409786273190784 0.004206258928453721 0.0173922178878243
0 0.8158694482494109 0.8406710108561635 0.028956842937985526 0.04913021879233561
0 0.788759703120675 0.6763152617606747 0.025405148944339827 0.06923800090451113
0 0.7234903490221224 0.6105320101209945 0.01005683847375849 0.03955382293077854
0 0.8158694482494109 0.8406710108561635 0.028956842937985526 0.04913021879233561
0 0.788759703120675 0.6763152617606747 0.025405148944339827 0.06923800090451113
0 0.7234903490221224 0.6105320101209945 0.01005683847375849 0.03955382293077854