0 0.012104255412049092 0.3705294147238837 0.01391768284565984 0.027498291335136215
0 0.04349809275081649 0.29318139306172436 0.013881315254479176 0.025935791335136217
0 0.0961843954203129 0.15750325073597402 0.007394925911805572 0.015706816000954405
0 0.1019343410415802 0.13609160107015583 0.007467661094166545 0.018831816000954404
0 0.5708476685967018 0.4265657840547247 0.021693815254479176 0.026026698002863568
0 0.583554169404462 0.3013569723901792 0.026854093939826386 0.04639374200349984
0 0.6041209159375349 0.2957385000596563 0.011446646276527871 0.02200226933481808
0 0.6407227776869621 0.3582569550644289 0.022766005983923598 0.03853578866963616
0 0.6605443152060246 0.3373995624005196 0.009211999050069508 0.026662497334499945
0 0.6770869436729516 0.3434498414027468 0.009102896276527873 0.021974997334499945
0 0.03203125 0.639453125 0.025 0.01953125
0 0.11436873812586831 0.7156515580641107 0.021385343939826384 0.046330107336090796
0 0.5967390011858165 0.970229696391611 0.02191202080156245 0.035401698002863566
0 0.6403792452018927 0.9324666143976561 0.01722452080156245 0.0353471540022273