0 0.10760101675014244 0.3402191096919426 0.003825336958138337 0.017278428213245434
0 0.8411503571497313 0.25366483841329507 0.026287927376317733 0.05148594365265158
0 0.8642469589366172 0.1667331397460786 0.018108012851581277 0.06139214106622681
0 0.917256553803421 0.11352322321131574 0.005133168973360825 0.011073892319868151
0 0.9247984690695947 0.12039116874442915 0.00526050296574958 0.01419889231986815
0 0.9360111889363985 0.06596508735750958 0.005196835969555025 0.01263639231986815
0 0.9375518077577535 0.09534152454409925 0.007205004942915849 0.02361935642649069
0 0.8411503571497313 0.25366483841329507 0.026287927376317733 0.05148594365265158
0 0.8642469589366172 0.1667331397460786 0.018108012851581277 0.06139214106622681
0 0.917256553803421 0.11352322321131574 0.005133168973360825 0.011073892319868151
0 0.9247984690695947 0.12039116874442915 0.00526050296574958 0.01419889231986815
0 0.9360111889363985 0.06596508735750958 0.005196835969555025 0.01263639231986815
0 0.9375518077577535 0.09534152454409925 0.007205004942915849 0.02361935642649069
0 0.2905693784042695 0.7510770475053528 0.006296420950527093 0.020471624373179332
0 0.31761667460194243 0.7303541962912827 0.0036980029657495807 0.014153428213245434
0 0.2905693784042695 0.7510770475053528 0.006296420950527093 0.020471624373179332
0 0.31761667460194243 0.7303541962912827 0.0036980029657495807 0.014153428213245434
0 0.537890625 0.993359375 0.00546875 0.01328125
0 0.537890625 0.993359375 0.00546875 0.01328125