0 0.06927627106538337 0.39485299469803314 0.021193747334499947 0.010439213996249919
0 0.11429786972865622 0.36588866463201464 0.01647897533418181 0.007685360885972159
0 0.1451936073957471 0.36631381915601935 0.019613066000954405 0.008740012959490784
0 0.4330526887332697 0.23709414806750076 0.025944882001908986 0.016318067106527678
0 0.20566003475092795 0.6515986253293067 0.03701874200349984 0.02899372436384251
0 0.1654384747374058 0.5554067762482882 0.022810791335136214 0.015263415033009231
0 0.13571888373247426 0.5216417956875242 0.013353975334181811 0.007411958812453534
0 0.13528280539861068 0.517769720946714 0.013353975334181811 0.007411958812453712
0 0.1151654810629971 0.5027157841653945 0.007857953333863677 0.004589755183796384
0 0.44413618674408734 0.7712538260600006 0.03305794800286348 0.02396447177194432
0 0.3981197074116555 0.7819271316443988 0.043968176002545344 0.02257762902925915
0 0.3823038034094283 0.7668878920119913 0.02986931333545444 0.01822231969842587
0 0.39112909174090565 0.7524299860506256 0.035328972668681756 0.017919523327083197
0 0.39203279207111036 0.7292805852730562 0.03928976666931803 0.02294877591898139
0 0.3664197194064057 0.7459892773795838 0.039317038669636165 0.02529252591898139
0 0.6447262590706331 0.7036535675772464 0.018068747334499945 0.010165811922731294
0 0.6468609237348606 0.6854797660221076 0.014925566000954404 0.008329909849213024
0 0.6215563863979743 0.6614951076102557 0.01021988466740904 0.006357306738935265
0 0.6528112054025877 0.6927796371342604 0.014934656667727175 0.009111159849213023