0 0.430933587287746 0.40145638972072967 0.036417163787375625 0.05701371941479163
0 0.33671875 0.49375 0.01875 0.0125
0 0.30904869408914876 0.39237880950644144 0.015233776218161665 0.030777874525034755
0 0.3009352066583625 0.4179327620615629 0.022705117211148186 0.06215516109416672
0 0.430933587287746 0.40145638972072967 0.036417163787375625 0.05701371941479163
0 0.33671875 0.49375 0.01875 0.0125
0 0.30904869408914876 0.39237880950644144 0.015233776218161665 0.030777874525034755
0 0.3009352066583625 0.4179327620615629 0.022705117211148186 0.06215516109416672
0 0.6695670870570334 0.08799912761071216 0.007000971622369789 0.0118642203647223
0 0.19726773403470022 0.8203664512239414 0.006800712523071262 0.0087392203647223
0 0.8211430729466601 0.6332850051277087 0.02409763648947951 0.04736596248093754
0 0.8592327594822823 0.6981385002358859 0.029035460363602893 0.05138131525447918
0 0.8492458914221125 0.7431509676086463 0.032260589913252244 0.05301655043684032
0 0.8729611428110011 0.6263001944322574 0.02223474784053181 0.04264209488975697
0 0.8211430729466601 0.6332850051277087 0.02409763648947951 0.04736596248093754
0 0.8592327594822823 0.6981385002358859 0.029035460363602893 0.05138131525447918
0 0.8492458914221125 0.7431509676086463 0.032260589913252244 0.05301655043684032
0 0.8729611428110011 0.6263001944322574 0.02223474784053181 0.04264209488975697