0 0.012890625 0.172265625 0.02578125 0.01796875
0 0.8236627528364868 0.2356931782797524 0.06986387061225567 0.04028167069139812
0 0.7674779431571797 0.2126977790648576 0.044295569279472244 0.020022994985435007
0 0.5906127405311837 0.19399573208656484 0.0411478372261608 0.01915081677218975
0 0.565234375 0.1921875 0.01171875 0.009375
0 0.6581992257185981 0.16544417742182257 0.01833246285298138 0.013022837226160888
0 0.6529206923325034 0.14526806974169054 0.0402529269596041 0.015221834718878214
0 0.6290201910788621 0.15691026339434214 0.015116534639736123 0.009806909012915454
0 0.20397773281148063 0.7221386267158596 0.0443864974927175 0.023147994985435006
0 0.22900765079774046 0.7358756920365523 0.03496603338609487 0.021312710345699058
0 0.24021375534376938 0.7582250593168494 0.028002979546028862 0.023451871865896833
0 0.2688896789714147 0.7225956162910183 0.025431909012915456 0.015571175705962758
0 0.4073198615724044 0.683381694774944 0.03719612311953817 0.017474656505633134
0 0.4051166839859796 0.6748447749082225 0.027775659012915455 0.015639371865896833
0 0.5855274295982353 0.709408300343505 0.0286478372261608 0.01878710391920819
0 0.5819633346523714 0.6809722375300946 0.04434103338609478 0.021585494985435005
0 0.6161068340255508 0.6854521432110514 0.019872230799670022 0.012287051332783428