0 0.0140625 0.1296875 0.028125 0.04375
0 0.008203125 0.25234375 0.01640625 0.065625
0 0.04507785360037673 0.2807465044403641 0.01822635523343692 0.03220555524755442
0 0.06320586280830245 0.2824343189311378 0.013311342079257216 0.028026289462538934
0 0.8968985308641594 0.3485321503811707 0.019189615756780753 0.03537605787839038
0 0.904341491613382 0.1129285793486007 0.0379242052052021 0.06293961575678075
0 0.966003545580812 0.08817186756630883 0.007713789462538934 0.01212827367752336
0 0.26328125 0.986328125 0.0390625 0.02734375
0 0.23469924413833726 0.9707673187899635 0.02616765785015538 0.04824007892507787
0 0.30665442051022485 0.9073919399142968 0.02024388154179633 0.040109060509226246
0 0.5245251889966636 0.8722433951900861 0.014456613125944883 0.034321792093374805