0 0.09530419646158188 0.29589530944116155 0.01957879419114117 0.011592264427970279
0 0.22892708494643274 0.3165525332639598 0.018016294191141213 0.01153770072563951
0 0.35881058940796756 0.2734473574495778 0.012251546265733637 0.007440477767481468
0 0.291913259636405 0.2668228625753873 0.010689046265733637 0.0073859140651507
0 0.09530419646158188 0.29589530944116155 0.01957879419114117 0.011592264427970279
0 0.22892708494643274 0.3165525332639598 0.018016294191141213 0.01153770072563951
0 0.35881058940796756 0.2734473574495778 0.012251546265733637 0.007440477767481468
0 0.291913259636405 0.2668228625753873 0.010689046265733637 0.0073859140651507
0 0.592578125 0.308203125 0.00546875 0.00859375
0 0.6799218224988781 0.3137499370774914 0.015376546265733638 0.007549605172143181
0 0.592578125 0.308203125 0.00546875 0.00859375
0 0.6799218224988781 0.3137499370774914 0.015376546265733638 0.007549605172143181