0 0.46021969344717595 0.25829649024694745 0.008689198770336049 0.016456246974937905
0 0.6399799163198129 0.34268512578556687 0.003969882513557366 0.01096022589769916
0 0.6592770895735127 0.30233712129707174 0.003960792154477843 0.00939772589769916
0 0.28264868447018543 0.7909817252198328 0.010333512002052458 0.030527837334017604
0 0.9265423785065365 0.8711825700674076 0.009497719847574793 0.021148292154477843
0 0.9270736436318471 0.8282092748878679 0.009506810206654493 0.022710792154477667
0 0.9352449523750683 0.8226928005026999 0.007917039129415571 0.018014201795397967
0 0.9404546271412993 0.7781297342459211 0.00713124394987581 0.017228406615858206
0 0.924720542832344 0.7594706378367174 0.006304542154477666 0.009411361436318443
0 0.9265423785065365 0.8711825700674076 0.009497719847574793 0.021148292154477843
0 0.9270736436318471 0.8282092748878679 0.009506810206654493 0.022710792154477667
0 0.9352449523750683 0.8226928005026999 0.007917039129415571 0.018014201795397967
0 0.9404546271412993 0.7781297342459211 0.00713124394987581 0.017228406615858206
0 0.924720542832344 0.7594706378367174 0.006304542154477666 0.009411361436318443