0 0.6452566089047813 0.582009220888019 0.007549605172143181 0.015417705909355562
0 0.6420782898025639 0.550328721721514 0.009221232576804895 0.01867025166699001
0 0.6468079571794254 0.5152761187668363 0.007495041469812236 0.013855205909355383
0 0.6452566089047813 0.582009220888019 0.007549605172143181 0.015417705909355562
0 0.6420782898025639 0.550328721721514 0.009221232576804895 0.01867025166699001
0 0.6468079571794254 0.5152761187668363 0.007495041469812236 0.013855205909355383
0 0.7087536410724328 0.9716216491471084 0.014399805897782513 0.03311538893989354
0 0.7402814214259857 0.9499619954338263 0.008494546279135661 0.020168978788172608
0 0.7465549860353659 0.9264687102821053 0.008439982576804894 0.01860647878817261
0 0.7087536410724328 0.9716216491471084 0.014399805897782513 0.03311538893989354
0 0.7402814214259857 0.9499619954338263 0.008494546279135661 0.020168978788172608
0 0.7465549860353659 0.9264687102821053 0.008439982576804894 0.01860647878817261