0 0.6757756911728318 0.18207279084185482 0.011919957195929065 0.021603172249741044
0 0.6676249930753851 0.2148039579220547 0.00850385876750579 0.015207623035529316
0 0.6563782009951853 0.22195400517179573 0.010066358767505612 0.015280397642635179
0 0.648947767682491 0.21411475320732495 0.009357883374611475 0.016806510339082335
0 0.25083883044085536 0.6376624342459623 0.013227746071058633 0.016207196856846906
0 0.22349400341446746 0.6556964775667617 0.020622869106587772 0.0243471825888232
0 0.20351647043274995 0.6745567165038086 0.030907551695410974 0.04431508023145838
0 0.23396594975458562 0.6902887243616915 0.03143409057054072 0.03888271753501123
0 0.21863414433737544 0.7935143279596559 0.019169531017246656 0.026618157981717516
0 0.1715601490926318 0.6409651205565845 0.021423389784752445 0.0415346825888232
0 0.20069974338497137 0.5425532954946674 0.014445643713693812 0.02561858416039984
0 0.24846623232201814 0.5212294322814915 0.029454213606069857 0.046586055624352515
0 0.2456697950803825 0.49758324379925617 0.0168621683207995 0.027290246071058632
0 0.15197862624285427 0.5760047273596195 0.009357883374611475 0.016806510339082335
0 0.7309875759951853 0.9321219866652444 0.09074062406898661 0.1071276033908223
0 0.8088525955351938 0.7332167789525866 0.09368368755122206 0.10336690260503385