0 0.05753936110406403 0.35880192741349876 0.02560217787060921 0.05408000494291585
0 0.6638072543928527 0.23286549781286894 0.04510159437251211 0.05409459239534584
0 0.6837238122063779 0.15698741802195854 0.022589924410568153 0.03757825444862419
0 0.7335023070163162 0.18366597039827628 0.019242089923887918 0.031982170456235436
0 0.7528511790505668 0.19854022459975482 0.01423625494291585 0.023978669467652303
0 0.7634113122063779 0.16023443482787253 0.018779174904859808 0.039762836958138335
0 0.774949013537247 0.1939628125464763 0.011733337452429993 0.019976918973360826
0 0.7918632702101835 0.16295885750842026 0.014459089429596261 0.0294474194676523
0 0.7830493443167406 0.20642235602554546 0.015495007414373773 0.03572925296574958
0 0.8114614930427366 0.09489327771750986 0.010107170456235437 0.01835075197716627
0 0.8062593398867068 0.03051244273653797 0.013486838441013126 0.024728085969555114
0 0.3599686592789032 0.6602961252843269 0.026591674904859808 0.040081171939110226
0 0.3959810730807928 0.4774736729648745 0.020900090418179397 0.034389587452429815
0 0.4134696620160975 0.45157967642491564 0.01586242193911023 0.025604836463846682
0 0.4751274036131405 0.4940019397707884 0.00841733646384668 0.015162084980972068
0 0.7268530241831067 0.5595977648659287 0.045419929353484004 0.06190709239534575
0 0.6341197543928527 0.8477092478128689 0.04510159437251211 0.05409459239534584
0 0.6540363122063779 0.7718311680219585 0.022589924410568153 0.03757825444862419
0 0.7038148070163162 0.7985097203982763 0.019242089923887918 0.031982170456235436
0 0.7231636790505667 0.8133839745997549 0.01423625494291585 0.023978669467652303
0 0.7337238122063778 0.7750781848278725 0.018779174904859808 0.039762836958138335
0 0.745261513537247 0.8088065625464763 0.011733337452429993 0.019976918973360826
0 0.7621757702101835 0.7778026075084202 0.014459089429596261 0.0294474194676523
0 0.7533618443167406 0.8212661060255455 0.015495007414373773 0.03572925296574958
0 0.7817739930427366 0.7097370277175099 0.010107170456235437 0.01835075197716627
0 0.7765718398867067 0.645356192736538 0.013486838441013126 0.024728085969555114