0 0.3518422505686537 0.6054822056084248 0.009294086958138336 0.01793935570217613
0 0.3380364299035472 0.4672645251654388 0.009230419961943959 0.016376855702175952
0 0.26504528093040525 0.34761197980722136 0.0059144189733608245 0.011415953628657327
0 0.2760020035158126 0.41590778525020744 0.006632001977166268 0.009921804147036894
0 0.3518422505686537 0.6054822056084248 0.009294086958138336 0.01793935570217613
0 0.3380364299035472 0.4672645251654388 0.009230419961943959 0.016376855702175952
0 0.26504528093040525 0.34761197980722136 0.0059144189733608245 0.011415953628657327
0 0.2760020035158126 0.41590778525020744 0.006632001977166268 0.009921804147036894
0 0.6528603100750183 0.4151746991286796 0.035993191216482145 0.11914027073518518
0 0.6174672853790295 0.4922600984688879 0.009213173916276674 0.035058505183796385
0 0.38142699115852297 0.9605661743642353 0.006950336958138337 0.017734304147037073
0 0.6216666833449978 0.9192426177667119 0.01186067144481875 0.023613157257314832