0 0.598828125 0.241796875 0.03828125 0.05546875
0 0.2533561241088167 0.6190797886214374 0.03715667069139794 0.06997768330244422
0 0.1873297904124703 0.7285254824495778 0.008244409012915455 0.015116568511654193
0 0.17290475181395487 0.6762412579938074 0.007463159012915455 0.01508928666048881
0 0.9738461600354474 0.31967874474696345 0.03715667069139812 0.06997768330244422
0 0.9094971608601238 0.39270082709602483 0.04583298871722903 0.09993800181409851
0 0.985546875 0.590625 0.02890625 0.0703125
0 0.9592400627469033 0.6240128252819263 0.0390828835443795 0.08253224700477517
0 0.996875 0.88125 0.00625 0.040625
0 0.9904477448856746 0.9036767606725462 0.01474446159934022 0.02392857332097762
0 0.9740331346982603 0.9308394613981855 0.012468907759274117 0.026190477767481467