0 0.34120900664371395 0.2512412250364198 0.019770237123122314 0.05105398538950343
0 0.405653692633779 0.5642215789331015 0.01616700500096968 0.026026711850553143
0 0.36698974089189845 0.5490729786898678 0.012643392273873389 0.030646028003177152
0 0.35092638293625084 0.5781312102240523 0.008434253333980023 0.01731023092527657
0 0.32414885899441764 0.6425999490634852 0.008035640606883554 0.021984094155801336
0 0.3246270266475933 0.5984047769855845 0.009837256667959694 0.03449773092527657
0 0.33088494990571277 0.5840402909871731 0.005181707576345396 0.015693183847375815
0 0.405653692633779 0.5642215789331015 0.01616700500096968 0.026026711850553143
0 0.36698974089189845 0.5490729786898678 0.012643392273873389 0.030646028003177152
0 0.35092638293625084 0.5781312102240523 0.008434253333980023 0.01731023092527657
0 0.32414885899441764 0.6425999490634852 0.008035640606883554 0.021984094155801336
0 0.3246270266475933 0.5984047769855845 0.009837256667959694 0.03449773092527657
0 0.33088494990571277 0.5840402909871731 0.005181707576345396 0.015693183847375815
0 0.6892314671795863 0.8069488212224638 0.007142820303441866 0.011046594155801514