0 0.7360058717499236 0.0879561385411947 0.016068010380123354 0.050366661818710856
0 0.7337065661607106 0.15393987710178614 0.009467841901054186 0.04126272878817261
0 0.7290621812748789 0.20103808217764652 0.009803422927693362 0.03038900166699001
0 0.7475197153624078 0.23534937376780612 0.013055756920082295 0.033769093182258916
0 0.2943011565974805 0.4226738371786164 0.017375842395345842 0.044244207576345396
0 0.9299428848486506 0.6358915721757068 0.029285593383928797 0.0498883007586044
0 0.9039613635941125 0.7384584627825903 0.04857676285158128 0.06470009985021878
0 0.8746505483848039 0.6551994236929156 0.03642693133065045 0.07227348378914247
0 0.8566857862746602 0.7138967562692609 0.010983920950527092 0.021141547424624464
0 0.8217278309894581 0.7023452972554466 0.0044155859695550245 0.012818864394086305
0 0.816386414981847 0.6996667074071674 0.0044155859695550245 0.012818864394086305