0 0.39694328707826915 0.35380620084886444 0.04737498667249973 0.0470697811027776
0 0.2510168933998832 0.2547990546894435 0.047874426002545434 0.022919381621157343
0 0.8542063490809735 0.47916955713992965 0.06389032467377227 0.05788014198874993
0 0.751767420751087 0.49557208897300864 0.04959146733768165 0.03633733265791648
0 0.7196270827498144 0.4833947177194438 0.028324994668999893 0.019648118661666557
0 0.7004003700867005 0.5078578297599531 0.03227669800286357 0.023896121253564752
0 0.742569141410701 0.4428671082708327 0.018077838001272717 0.010947061922731472
0 0.7610600574076785 0.4222418957119437 0.019658519334818082 0.012646262959490784
0 0.7578893304025878 0.3845026688976151 0.0227744286680454 0.01213841503300923
0 0.7542464360677696 0.3732575915649067 0.021230110001590852 0.013564213996249918
0 0.1317626350652243 0.9334568702171981 0.019658519334818082 0.012646262959490784
0 0.7394128714194506 0.9295178620172679 0.05818521733768165 0.037089188360092604
0 0.8407200117361331 0.815849705184189 0.030623291335136214 0.015946920216805438
0 0.8897978564011559 0.8080464128421057 0.027489200668363623 0.01489226814328699