0 0.051955600841447944 0.4806574158414353 0.01285519751048909 0.005051212852981379
0 0.9436000331048436 0.1632743448793569 0.07069193091374952 0.03791518863808676
0 0.7528736557179012 0.11524052708463514 0.033582094606059695 0.011110996239076344
0 0.6812296263612572 0.12134093715333619 0.041986590456874764 0.01915081677218975
0 0.17759698611416383 0.7477443127801567 0.11347142676456468 0.04695521951689905
0 0.3983171328973844 0.7132414210538559 0.04030569128671182 0.017542852665567033
0 0.4793123901584579 0.7019564116515467 0.03561819128671182 0.017406460345699058
0 0.471730399494124 0.6841964302250559 0.02792409045687485 0.018741639812585476
0 0.4351829592447084 0.6648141128260455 0.020904495850815153 0.008403533386094963
0 0.4449898394311895 0.6553553705457487 0.017661096680652123 0.00675010517284953
0 0.41861076588340423 0.6518594717598187 0.024088695435896666 0.009275711599340042
0 0.3158526187878337 0.6434128227760332 0.016335395020978184 0.009829641066226812
0 0.9508851032283904 0.644063175210491 0.042341787967363764 0.023838316772189748
0 0.8151018911957543 0.6627185838276951 0.10819193091374953 0.0390063271970309
0 0.6275247472120722 0.6459574980862847 0.09383343298834194 0.034690900237426804