0 0.2877565858169623 0.28124710945216763 0.01142846248093754 0.021922544191141213
0 0.2877565858169623 0.28124710945216763 0.01142846248093754 0.021922544191141213
0 0.6553704251977608 0.5282575304055512 0.007431293502986236 0.017720296265733636
0 0.8632222322356602 0.8494298083123029 0.026109211531007048 0.04955063672260849
0 0.8705336980413547 0.7782356035407403 0.030887630508958354 0.05381208423309758
0 0.8411452508530214 0.7385748186852651 0.03406718189572917 0.05639263257342346
0 0.9149116921996013 0.8420384557202235 0.023656358757465412 0.04468553796736394
0 0.8632222322356602 0.8494298083123029 0.026109211531007048 0.04955063672260849
0 0.8705336980413547 0.7782356035407403 0.030887630508958354 0.05381208423309758
0 0.8411452508530214 0.7385748186852651 0.03406718189572917 0.05639263257342346
0 0.9149116921996013 0.8420384557202235 0.023656358757465412 0.04468553796736394