0 0.2851370970353443 0.15817239900217633 0.049950920456235524 0.021986441365487865
0 0.3547698119592321 0.1213422721056654 0.029351918973360737 0.013297096516238938
0 0.39693277218734985 0.10894604808894162 0.01828708498097189 0.009279276212797071
0 0.43538910642688444 0.10152430202689544 0.010410917984777512 0.007079047424624463
0 0.4170774816740302 0.10185108967910121 0.013567751482874613 0.00811538893989372
0 0.7498435607235031 0.44295419286329996 0.016820085475263546 0.011495480455162622
0 0.7711515221873498 0.4264204615746424 0.023070085475263548 0.01200566348570078
0 0.18306393176917046 0.9223708193007688 0.03989017095052709 0.0235011439408634
0 0.18306393176917046 0.9223708193007688 0.03989017095052709 0.0235011439408634
0 0.5668917978719218 0.9417901766524425 0.06536767342198502 0.037260626063016035
0 0.5973393139363985 0.8633862508938381 0.023070085475263548 0.01200566348570078
0 0.6239004846397798 0.8421411208928683 0.02144391847906917 0.010315617728066329
0 0.6360489868640918 0.8306376527106092 0.016692751482874614 0.00837048045516262
0 0.5785966076626134 0.8551830614248612 0.011973417984777513 0.0072065931822589135
0 0.5668917978719218 0.9417901766524425 0.06536767342198502 0.037260626063016035
0 0.5973393139363985 0.8633862508938381 0.023070085475263548 0.01200566348570078
0 0.6239004846397798 0.8421411208928683 0.02144391847906917 0.010315617728066329
0 0.6360489868640918 0.8306376527106092 0.016692751482874614 0.00837048045516262
0 0.5785966076626134 0.8551830614248612 0.011973417984777513 0.0072065931822589135