0 0.2285483191877482 0.15906194926339676 0.06458541574266334 0.05281345783603797
0 0.2860349600080573 0.12318187431986657 0.020168286831702888 0.012075065770898164
0 0.30098897845920247 0.09056294275689414 0.041853571032569904 0.023459886803468066
0 0.28273987191034744 0.05987787300444865 0.03859206314006229 0.020934126280124234
0 0.18645989423715922 0.10938395580519308 0.03385906050922625 0.019879860495108835
0 0.1688705758354252 0.09002701105274742 0.03450380261671846 0.017581613125944882
0 0.4470823639472526 0.5188664651542931 0.06004212891096046 0.041648444681858264
0 0.15300192310576718 0.5908677161873624 0.052275131541796326 0.04197466837349921
0 0.2301675152203182 0.5765745794191879 0.036984060509226244 0.02006187101845249
0 0.20717421263889327 0.525000521505504 0.03137880261671846 0.01739960260260105
0 0.19344564160632327 0.5046348135988789 0.023338789462538756 0.013038326294241643
0 0.2325574968750539 0.4964775557416646 0.03910029735504672 0.016292128910960456
0 0.19963894557375336 0.48310878860593753 0.020077281570031146 0.010512565770898163
0 0.23209127716496064 0.46828430179541075 0.029543286831702886 0.01262109734092931
0 0.18774203768830428 0.47400295175305845 0.03583878946253875 0.013766368387616624
0 0.30137611533325764 0.45327431633559545 0.01842377630835923 0.008859060509226246
0 0.36504028505746844 0.4628926045533035 0.024810284200867016 0.011566831555913737
0 0.867190102108491 0.7645519925310152 0.028071792093374803 0.014092592079257393
0 0.8724964692865702 0.6874207096455661 0.027935284200867015 0.011748842079257216