0 0.18741380525941248 0.14201924016191897 0.02676249466899989 0.018579581637205855
0 0.0848342452657758 0.0897396879233554 0.03615567600254525 0.020633404567984216
0 0.15045469993238947 0.0935695734388049 0.03852669800286348 0.023099985300678937
0 0.16739248026736667 0.08234048535644974 0.026726132001908987 0.015454581637205677
0 0.23309929626832115 0.07874849587189932 0.030623291335136214 0.014878049525030157
0 0.2518808399307986 0.11061098852223879 0.01815056333545435 0.016566702283992107
0 0.2602569612707074 0.06258292429788756 0.00866647533418181 0.0067003793532137475
0 0.18741380525941248 0.14201924016191897 0.02676249466899989 0.018579581637205855
0 0.0848342452657758 0.0897396879233554 0.03615567600254525 0.020633404567984216
0 0.15045469993238947 0.0935695734388049 0.03852669800286348 0.023099985300678937
0 0.16739248026736667 0.08234048535644974 0.026726132001908987 0.015454581637205677
0 0.23309929626832115 0.07874849587189932 0.030623291335136214 0.014878049525030157
0 0.2518808399307986 0.11061098852223879 0.01815056333545435 0.016566702283992107
0 0.2602569612707074 0.06258292429788756 0.00866647533418181 0.0067003793532137475
0 0.551171875 0.29921875 0.02265625 0.0390625
0 0.5875413482654577 0.2768385150937762 0.025990335335772663 0.01931988805964089
0 0.6783799789346167 0.2632285950913017 0.028288632001908988 0.015536468792335612
0 0.6223754269374802 0.23918690750663069 0.0447221540022273 0.01874003392119796
0 0.6012634956039347 0.23964393091237907 0.019631247334499946 0.009617339439121863
0 0.551171875 0.29921875 0.02265625 0.0390625
0 0.5875413482654577 0.2768385150937762 0.025990335335772663 0.01931988805964089
0 0.6783799789346167 0.2632285950913017 0.028288632001908988 0.015536468792335612
0 0.6223754269374802 0.23918690750663069 0.0447221540022273 0.01874003392119796
0 0.6012634956039347 0.23964393091237907 0.019631247334499946 0.009617339439121863
0 0.15064533026338953 0.8211086148790055 0.03459317600254543 0.020551517412854638
0 0.8733473072684802 0.68219273942675 0.024336928668045488 0.011425500904511133