0 0.1543344123120999 0.14384019273151977 0.04501925090451113 0.024727827339272323
0 0.1543344123120999 0.14384019273151977 0.04501925090451113 0.024727827339272323
0 0.9183952512989663 0.3742399417170431 0.04904833163720568 0.027117030673136
0 0.2666352170948549 0.6803345793682256 0.08379182383528967 0.034548270011135786
0 0.30900974558898586 0.5801078600413618 0.031287621551297565 0.015979536004136107
0 0.41152225293864647 0.5621717483887474 0.04386950870642714 0.017687486672499732
0 0.44446588873700943 0.5278106580601335 0.027835072930778536 0.00969317333704538
0 0.2666352170948549 0.6803345793682256 0.08379182383528967 0.034548270011135786
0 0.30900974558898586 0.5801078600413618 0.031287621551297565 0.015979536004136107
0 0.41152225293864647 0.5621717483887474 0.04386950870642714 0.017687486672499732
0 0.44446588873700943 0.5278106580601335 0.027835072930778536 0.00969317333704538