0 0.1671029146889788 0.17743913911925793 0.008754202283992285 0.018196070533113406
0 0.1671029146889788 0.17743913911925793 0.008754202283992285 0.018196070533113406
0 0.35103027561125544 0.5478975658810064 0.06177406094499087 0.12192647578510521
0 0.31541866321864076 0.5331686504020291 0.04200711555840364 0.07220762061225568
0 0.3994179873368438 0.6025115153728992 0.011507388059640888 0.026076766693047482
0 0.36749574033329074 0.629359340293757 0.0145914444820761 0.025386444906292827
0 0.35103027561125544 0.5478975658810064 0.06177406094499087 0.12192647578510521
0 0.31541866321864076 0.5331686504020291 0.04200711555840364 0.07220762061225568
0 0.3994179873368438 0.6025115153728992 0.011507388059640888 0.026076766693047482
0 0.36749574033329074 0.629359340293757 0.0145914444820761 0.025386444906292827
0 0.7385430240851465 0.5258341808518765 0.00534259724103805 0.01263639231986815
0 0.7385430240851465 0.5258341808518765 0.00534259724103805 0.01263639231986815