0 0.6885021184754837 0.26753047198887414 0.0826125130722545 0.06998122277444097
0 0.6288105776083348 0.4382015202916719 0.03154692054078723 0.05562783128389341
0 0.613972655305305 0.43303930947018543 0.021473180913749522 0.03604658430895533
0 0.6223142611095194 0.23395691485637976 0.028978027594401646 0.04233749092481372
0 0.6810487984521834 0.1640171195786441 0.0277231809137497 0.03608294574527395
0 0.6127805293682551 0.2936407266246632 0.0272379288391571 0.03998465056573401
0 0.5966761049906328 0.2923756754440971 0.021591580083912553 0.037609084308955334
0 0.5853794250139333 0.3957799435453717 0.014571985477853034 0.027416472872636887
0 0.5729915351794361 0.37657568603181446 0.016501338382282425 0.02196135841125635
0 0.5565493963822353 0.35539557762055807 0.00917409045687485 0.018014201795398144
0 0.16781786048946393 0.8211438183489801 0.023746075934727707 0.045430674668035034
0 0.09068361557569862 0.9522776558302913 0.023876130498831215 0.03684146984757479
0 0.13559597241720933 0.7514557596548567 0.02735632800932013 0.04154715056573401
0 0.09491760052909796 0.7453623079085565 0.013317138797200912 0.021161927693097125
0 0.09493017853841809 0.7867503771903973 0.03101412427505377 0.048596581283893416
0 0.08041693133795676 0.7343452672666098 0.012772687137526972 0.024282382513557365
0 0.05798628559203243 0.7732600489315661 0.01762613049883104 0.03680510841125635
0 0.05416837366196479 0.7486393109827165 0.00905569128671182 0.016451701795397965
0 0.05020875177385342 0.7427594826747874 0.008037642946385759 0.013322156615858205
0 0.04179306183678788 0.770823122751 0.012772687137526795 0.024282382513557365
0 0.028293880510442015 0.8297029586215844 0.010192138797200911 0.021143746974937726
0 0.9639514817528753 0.9084003908031768 0.03753681141258056 0.07284260236113216
0 0.990234375 0.915234375 0.01953125 0.04609375
0 0.996875 0.741015625 0.00625 0.03984375