0 0.27020830686212305 0.17466393524115897 0.02456891847906917 0.01057070924333523
0 0.2232059728697343 0.16771256251212296 0.026226918973360824 0.013042005000969682
0 0.06844618285070622 0.16286614606689528 0.044545837452429904 0.02310253121376693
0 0.021484375 0.206640625 0.04296875 0.03515625
0 0.3952262001509118 0.24561422849830858 0.0351708374524299 0.022337256667959694
0 0.38798936170989873 0.22088529546777042 0.03513900395433271 0.021556006667959694
0 0.437286366158523 0.24593296395444106 0.03260425296574958 0.016677188031508017
0 0.5888429017289267 0.22949431176321688 0.050332922433401706 0.031361441365487866
0 0.46339126832596983 0.17954256047068 0.01838258547526337 0.011623026212797071
0 0.25933181526508003 0.7502375043366527 0.04142083745242999 0.02284743969849785
0 0.327734375 0.733984375 0.02421875 0.01484375
0 0.7963224792955249 0.8317903932765462 0.021507585475263546 0.011878117728066328