0 0.3658545505905256 0.497265625 0.03660600346004124 0.01640625
0 0.3600389379478153 0.438671875 0.01981775148287479 0.00703125
0 0.2679728075106078 0.464453125 0.01513025148287479 0.00703125
0 0.3356205639363985 0.433984375 0.013535917984777513 0.00625
0 0.36298023068544705 0.43359375 0.013535917984777513 0.00625
0 0.7968485533091293 0.25859375 0.026226918973360824 0.0109375
0 0.847471965115262 0.281640625 0.02676808844101295 0.02421875
0 0.5387276706476097 0.294921875 0.02729467045623544 0.01796875
0 0.540679466350991 0.27578125 0.027294670456235525 0.01796875
0 0.6554151049440097 0.211328125 0.0435099194676523 0.01328125
0 0.5942879332520452 0.23515625 0.030387836958138337 0.0171875