0 0.2923487373283976 0.2194533797530017 0.03466191348570078 0.02418451674922295
0 0.19484393179834428 0.20824614815710926 0.02152418469752817 0.015789819892376045
0 0.8195409139204969 0.37615073976110713 0.023995480455162622 0.017461481803034928
0 0.688585879602271 0.3712277414159916 0.028427888939893543 0.014554805624352341
0 0.686162381269261 0.36248844220177984 0.026674070303441866 0.012138281017246655
0 0.7142395193756595 0.35477762282613234 0.017171524545807237 0.010139133374611475
0 0.8921652130121114 0.36071198438442365 0.022831593182258914 0.012737594499482086
0 0.9348869236929156 0.38975737933871696 0.06308980242559432 0.03873932237357547
0 0.33149890891952705 0.7648000551053693 0.03278054909161447 0.020205492142117264
0 0.5320567604367359 0.7192457682971544 0.025239116061076317 0.013628006410140791
0 0.5197241158918985 0.7022027404849781 0.023676616061076315 0.013555231803034928
0 0.3962069964968422 0.7262502084342742 0.01613518303053816 0.006977746071058633
0 0.30015337853925506 0.8029432371774637 0.03789848378914247 0.03523117865988183
0 0.99765625 0.63984375 0.0046875 0.01875