0 0.34375 0.405859375 0.0125 0.06328125
0 0.26996055837250055 0.3730314163784156 0.006932539462538934 0.011755111436318444
0 0.27044640578401696 0.4183257356602564 0.0067505289391952775 0.008630111436318444
0 0.26034721632853675 0.4375186302249642 0.0025257605233436563 0.003138635538619283
0 0.34375 0.405859375 0.0125 0.06328125
0 0.26996055837250055 0.3730314163784156 0.006932539462538934 0.011755111436318444
0 0.27044640578401696 0.4183257356602564 0.0067505289391952775 0.008630111436318444
0 0.26034721632853675 0.4375186302249642 0.0025257605233436563 0.003138635538619283
0 0.6096503598502689 0.3885763548556218 0.0506517183593818 0.0651164607723885
0 0.199717405854604 0.7094865459651067 0.015609589448421345 0.026644313231716586
0 0.199717405854604 0.7094865459651067 0.015609589448421345 0.026644313231716586
0 0.6500506057981343 0.6237126724285398 0.014737334186749607 0.025077268052176648
0 0.6500506057981343 0.6237126724285398 0.014737334186749607 0.025077268052176648