0 0.3437177066312712 0.09091811105131971 0.03143353847458741 0.05207595222957302
0 0.3221006396172294 0.11564228252280176 0.019895837748947896 0.03412362772394086
0 0.3323015130772079 0.26084819879850374 0.03536707032575279 0.05313035383872737
0 0.3648622699747069 0.31520505795906184 0.03531250662342202 0.051567853838727376
0 0.3747940587233714 0.36719638778652486 0.023938497004775173 0.03830302933309522
0 0.30961424742570226 0.3610722559136475 0.03757441106992569 0.04938799480421992
0 0.27306167773292167 0.2864657398221041 0.03988344473518968 0.09319262512605064
0 0.24933773485423955 0.16968261339710827 0.013291173683797375 0.023530335149293792
0 0.2446130293192767 0.19284696178795394 0.01334573738612832 0.02509283514929379
0 0.6704525768219478 0.10567456172984616 0.03725695253973793 0.062614614482389
0 0.6135391333102935 0.10952636339710828 0.011728673683797375 0.023421074505632154
0 0.5909944833566271 0.16081303486859025 0.011483137023308564 0.016389824505632155