0 0.38548335434271097 0.5067923029808032 0.046935122200461345 0.05509731261535631
0 0.3333418978089059 0.45104699915559116 0.014702040041956365 0.01960110117201914
0 0.38548335434271097 0.5067923029808032 0.046935122200461345 0.05509731261535631
0 0.3333418978089059 0.45104699915559116 0.014702040041956365 0.01960110117201914
0 0.5794400915828064 0.23581142659191467 0.013246283818178916 0.031169656847545114
0 0.5813703671026156 0.18981780614156393 0.011210187137526972 0.024819527297895938
0 0.5683263767506315 0.16188781925064485 0.007137993776222729 0.01211926819859741
0 0.5616619796550608 0.1677570874492421 0.007137993776222729 0.01211926819859741
0 0.5580992717716097 0.15321372609819014 0.007137993776222729 0.01211926819859741
0 0.5794400915828064 0.23581142659191467 0.013246283818178916 0.031169656847545114
0 0.5813703671026156 0.18981780614156393 0.011210187137526972 0.024819527297895938
0 0.5683263767506315 0.16188781925064485 0.007137993776222729 0.01211926819859741
0 0.5616619796550608 0.1677570874492421 0.007137993776222729 0.01211926819859741
0 0.5580992717716097 0.15321372609819014 0.007137993776222729 0.01211926819859741
0 0.3043907021609056 0.7999146969499803 0.02543863049883104 0.03817062846991526
0 0.3043907021609056 0.7999146969499803 0.02543863049883104 0.03817062846991526
0 0.8414970173100749 0.9843694413205967 0.010973388797200912 0.02169452729789594