0 0.14370778294747383 0.03801781257536483 0.03259673439090349 0.06271210260260104
0 0.09601432741251088 0.05872515472520936 0.028762406260602093 0.04221759207925739
0 0.01414054551893651 0.21756989821870673 0.01630704627913566 0.02044130261671846
0 0.8711197375753873 0.038356687716539196 0.011438497004775172 0.03731028420086702
0 0.8939024565888622 0.18176890611121443 0.02085070253973793 0.061248313140062294
0 0.8601127552302505 0.3199290587702853 0.02006945253973793 0.06120281050922625
0 0.8789991644860777 0.31711487191034743 0.010329864790789855 0.027889781570031146
0 0.8739619457042711 0.4389443692795115 0.0119469284931208 0.029543286831702886
0 0.8622059901693081 0.4617448324478087 0.00812252404661713 0.03165952367752354
0 0.12316957709602487 0.7554227258636601 0.005451391832631991 0.022148015785015573
0 0.1184374370774914 0.7340104574478087 0.006014387023308565 0.015943518415851444
0 0.6068687207003464 0.6734358849586464 0.03281498920022692 0.06896210260260105