0 0.7192221785225177 0.16119862854374425 0.030686955547083273 0.011327526218161665
0 0.704523572282049 0.1497255552094881 0.03457502175149294 0.010796600092285048
0 0.667677535712917 0.141903760792729 0.027561955547083274 0.011127267118863138
0 0.6368454364063025 0.141098077187155 0.012609102773541636 0.005488536397194465
0 0.6507988336327608 0.13731174313399883 0.0165517203647223 0.007301360271317847
0 0.7192221785225177 0.16119862854374425 0.030686955547083273 0.011327526218161665
0 0.704523572282049 0.1497255552094881 0.03457502175149294 0.010796600092285048
0 0.667677535712917 0.141903760792729 0.027561955547083274 0.011127267118863138
0 0.6368454364063025 0.141098077187155 0.012609102773541636 0.005488536397194465
0 0.6507988336327608 0.13731174313399883 0.0165517203647223 0.007301360271317847
0 0.4484375530475525 0.8733679615171663 0.021330139342673603 0.011507998920265905
0 0.4484375530475525 0.8733679615171663 0.021330139342673603 0.011507998920265905
0 0.854851533813056 0.8690751349437076 0.0181142203647223 0.007401489820967199
0 0.854851533813056 0.8690751349437076 0.0181142203647223 0.007401489820967199