0 0.49887109025869963 0.05675642276421504 0.015627154052775795 0.03424872146395277
0 0.4382182844272048 0.10187411982820427 0.007050520678164318 0.017478598428423454
0 0.49887109025869963 0.05675642276421504 0.015627154052775795 0.03424872146395277
0 0.4382182844272048 0.10187411982820427 0.007050520678164318 0.017478598428423454
0 0.9454625889134014 0.4430417562007438 0.053165695409104784 0.07029753742738745
0 0.18123299917143054 0.7165327601296851 0.018844199338046153 0.053107883374611475
0 0.17011146649929945 0.8208649454068502 0.007831770678164318 0.017514985731976296
0 0.1408092063673596 0.73569798304138 0.012502154052775794 0.03410317224974104
0 0.12674784129215694 0.8940723321936744 0.006759422249740865 0.011228598428423452
0 0.11777304373282967 0.7599606016312392 0.009612594499482086 0.02227526033908216
0 0.9121298963997809 0.8196235268789082 0.024803100909622698 0.04714898180303493