0 0.708984375 0.57578125 0.055078125 0.033203125
0 0.407421875 0.59921875 0.046875 0.034375
0 0.4859375 0.59765625 0.034765625 0.01484375
0 0.471484375 0.54296875 0.029296875 0.012109375
0 0.461328125 0.520703125 0.021875 0.009375
0 0.501171875 0.519140625 0.0375 0.01015625
0 0.470703125 0.500390625 0.018359375 0.008203125
0 0.505078125 0.491015625 0.028125 0.007421875
0 0.460546875 0.489453125 0.034375 0.008203125
0 0.57578125 0.4875 0.016796875 0.006640625
0 0.637109375 0.507421875 0.0234375 0.008203125