0 0.108984375 0.2774021491757523 0.0484375 0.0377620799535137
0 0.06015625 0.32144154429018157 0.0890625 0.07029035668871889
0 0.304296875 0.1883539437180355 0.0359375 0.03298174480421991
0 0.356640625 0.17258433715536733 0.05703125 0.04461301349365332
0 0.636328125 0.790272086777215 0.0328125 0.024169473516896467
0 0.675390625 0.7496499456856716 0.13046875 0.10834201374575478
0 0.569921875 0.7445250391328389 0.0328125 0.02495072351689629
0 0.351171875 0.8684152792454818 0.08046875 0.05015817314857927
0 0.355859375 0.8473843723144965 0.03828125 0.030020635769712457
0 0.36015625 0.8240370305444268 0.05859375 0.035347274137314956
0 0.374609375 0.7921669945905556 0.021875 0.015592149011264312
0 0.545703125 0.8341092041095957 0.046875 0.03296531930985207
0 0.57265625 0.8083963330064308 0.01875 0.014592377723940864
0 0.9734375 0.817578125 0.053125 0.05390625