0 0.48866556346630413 0.12737456142842038 0.02471282863839157 0.05449728338609496
0 0.4654112654377057 0.08284631726766163 0.011144665152690792 0.031500052586424764
0 0.8592248449095921 0.14206036130970695 0.02732764560785341 0.04833821159934022
0 0.8304619871834655 0.1125008934421606 0.03888689894183326 0.0658212282923877
0 0.7782463631618926 0.2843178890544163 0.008561799091614475 0.018954588479802047
0 0.771875 0.28125 0.0046875 0.0171875
0 0.7794023916456536 0.31312184481451527 0.010634482122152632 0.025250052586424765
0 0.7862737581657718 0.18120425508107196 0.019786212577315256 0.04188362311953817
0 0.47740192050386776 0.8130859151497729 0.04349452167086927 0.11271896034569906
0 0.8193338132367831 0.8630835666408411 0.012069436364518005 0.023733016693047303
0 0.7948916647539919 0.8092371526133606 0.010889573637421535 0.028375052586424764