0 0.15535241112192058 0.1797529555965222 0.035624433176296225 0.050181807181592396
0 0.22522948614555477 0.25551174013924677 0.0072752577756944 0.011755111436318444
0 0.15535241112192058 0.1797529555965222 0.035624433176296225 0.050181807181592396
0 0.22522948614555477 0.25551174013924677 0.0072752577756944 0.011755111436318444
0 0.8096530042888418 0.30319071603694586 0.00938456192273147 0.018014201795397967
0 0.4256587131012954 0.8444469751121322 0.008193208812453712 0.013322156615858205
0 0.4256587131012954 0.8444469751121322 0.008193208812453712 0.013322156615858205
0 0.5918999305611566 0.852638476722859 0.018730167624907423 0.02665794877033605
0 0.596484375 0.523046875 0.02734375 0.02734375
0 0.6277311866166662 0.748993574546398 0.021112873845462943 0.03604203912941557
0 0.634253880160555 0.8146231197259379 0.024442925400601823 0.03840396984757479
0 0.648223416305717 0.8314927175985748 0.015605167624907424 0.026639768052176736
0 0.6617431845904159 0.8967725443939729 0.015165670216805437 0.030541472872636886
0 0.6329831975499065 0.9161265323919203 0.016347461404351903 0.017273858411256348
0 0.6824264772153231 0.9234418561131583 0.0070018557021757745 0.008630111436318444
0 0.5918999305611566 0.852638476722859 0.018730167624907423 0.02665794877033605
0 0.596484375 0.523046875 0.02734375 0.02734375
0 0.6277311866166662 0.748993574546398 0.021112873845462943 0.03604203912941557
0 0.634253880160555 0.8146231197259379 0.024442925400601823 0.03840396984757479
0 0.648223416305717 0.8314927175985748 0.015605167624907424 0.026639768052176736
0 0.6617431845904159 0.8967725443939729 0.015165670216805437 0.030541472872636886
0 0.6329831975499065 0.9161265323919203 0.016347461404351903 0.017273858411256348
0 0.6824264772153231 0.9234418561131583 0.0070018557021757745 0.008630111436318444