0 0.43594640129269824 0.3889908451072913 0.042346581283893237 0.030540527594401644
0 0.2628992658522747 0.33488645341030543 0.011768746974937905 0.00948174377622273
0 0.43594640129269824 0.3889908451072913 0.042346581283893237 0.030540527594401644
0 0.2628992658522747 0.33488645341030543 0.011768746974937905 0.00948174377622273
0 0.917529951108027 0.3245880321445719 0.03603749394987581 0.019910680913749524
0 0.9295597854660803 0.30999856357580846 0.038376698770336046 0.01930702966899407
0 0.979296875 0.2875 0.04140625 0.021875
0 0.917529951108027 0.3245880321445719 0.03603749394987581 0.019910680913749524
0 0.9295597854660803 0.30999856357580846 0.038376698770336046 0.01930702966899407
0 0.979296875 0.2875 0.04140625 0.021875
0 0.326171875 0.546484375 0.03046875 0.01328125
0 0.24760580351825717 0.569278475193526 0.03605112948849509 0.0222544309137497
0 0.2714521092364164 0.57059788784854 0.03134090359079629 0.01799298340326061