0 0.36036861939049736 0.12332590743006984 0.03174089600572696 0.043096782132453625
0 0.3625 0.364453125 0.0234375 0.03046875
0 0.30859375 0.340234375 0.05625 0.07890625
0 0.2564185580839961 0.3240737166804122 0.012763629336408932 0.023019962852981378
0 0.378276745106586 0.8216694733775831 0.027035214672181597 0.04139788981258548
0 0.37377587744665386 0.871426606724107 0.016869874005409003 0.04032112311953817
0 0.39877160578449455 0.9039136720447998 0.018377830004772378 0.03567908722616089
0 0.3018548767703361 0.802401473575439 0.012781810669954296 0.02458246285298138
0 0.9428287727561777 0.6595876678549111 0.019377256007317812 0.05445181927947225
0 0.9105285270727013 0.536657458960709 0.026508503341817757 0.06325015775927412
0 0.907421875 0.408984375 0.03203125 0.05859375