0 0.5031042658316078 0.08753438376422781 0.008907395697928778 0.01841912935321375
0 0.4850877871384448 0.09121046104821992 0.0072903486200281975 0.015212242198083814
0 0.4585642203769126 0.06801363947420809 0.00642727800317715 0.010483798620519024
0 0.4928048297521186 0.09626977527257115 0.008071598620028198 0.01525318577564878
0 0.9793654642878327 0.1394792036985594 0.014648881087432387 0.03433073439616781
0 0.9798524338490235 0.06686389727612423 0.02340627232113448 0.04415611374938137
0 0.3561630590541897 0.8189254856413928 0.07984896144351587 0.19229372060135788
0 0.3148938612035776 0.5896595881401556 0.029819913554836396 0.053858662369900404
0 0.3036299659110381 0.5418567135924113 0.02494149878218401 0.04267550090451113
0 0.21786510531966385 0.7153373578142881 0.009111947240056395 0.03013787935321375
0 0.6578590625041191 0.859900167063828 0.02742161647693564 0.05061083163720568
0 0.6199917569031541 0.8158331241532893 0.01870513555165907 0.043129202283992286
0 0.6473372812528834 0.6801479296712133 0.04484094155801355 0.06479284034363308
0 0.625390625 0.57421875 0.03203125 0.0515625