0 0.7363037007835336 0.44877329890791995 0.007632717535011224 0.029796594155801336
0 0.7445603297124752 0.43299147605895544 0.006288541356328991 0.03445682061685105
0 0.7443944327937111 0.39585482752000517 0.007487168320799498 0.026671594155801337
0 0.7386784529551468 0.3654610797521186 0.003707196856846906 0.012554547077900668
0 0.7455470371155466 0.37863323559631723 0.005415246071058632 0.015706820616851046
0 0.7363037007835336 0.44877329890791995 0.007632717535011224 0.029796594155801336
0 0.7445603297124752 0.43299147605895544 0.006288541356328991 0.03445682061685105
0 0.7443944327937111 0.39585482752000517 0.007487168320799498 0.026671594155801337
0 0.7386784529551468 0.3654610797521186 0.003707196856846906 0.012554547077900668
0 0.7455470371155466 0.37863323559631723 0.005415246071058632 0.015706820616851046
0 0.3340562462759463 0.5357315795486001 0.01402826674922295 0.03303068831160268