0 0.40424441636891084 0.35495265037375284 0.01418976502711473 0.02277616594684382
0 0.40377853546608033 0.27487452537375284 0.009470448770336048 0.01700702729789576
0 0.42549899936172686 0.24691021167866234 0.006290906615858205 0.0074317681985972325
0 0.40424441636891084 0.35495265037375284 0.01418976502711473 0.02277616594684382
0 0.40377853546608033 0.27487452537375284 0.009470448770336048 0.01700702729789576
0 0.42549899936172686 0.24691021167866234 0.006290906615858205 0.0074317681985972325
0 0.6049612525340827 0.28840835132890275 0.024486915592848747 0.04764575801956443
0 0.5634953943192181 0.1464804696197851 0.10591924365528822 0.21842742982650448
0 0.6880712013535166 0.2670608278100764 0.021330099336070062 0.041976748920265816
0 0.6995987933724213 0.16628482380029416 0.012627265027114731 0.022676036397194555
0 0.6384451369038567 0.06586796884920534 0.03235850292686617 0.05830265576781109
0 0.7854643518210549 0.34991529573181845 0.005541472872636888 0.012850453423772645
0 0.7744018593837102 0.3291318275793637 0.008680108411256349 0.015394462523071261
0 0.766818630510047 0.30187306794019797 0.007108518052176649 0.013731832973421908
0 0.6049612525340827 0.28840835132890275 0.024486915592848747 0.04764575801956443
0 0.5634953943192181 0.1464804696197851 0.10591924365528822 0.21842742982650448
0 0.6880712013535166 0.2670608278100764 0.021330099336070062 0.041976748920265816
0 0.6995987933724213 0.16628482380029416 0.012627265027114731 0.022676036397194555
0 0.6384451369038567 0.06586796884920534 0.03235850292686617 0.05830265576781109
0 0.7854643518210549 0.34991529573181845 0.005541472872636888 0.012850453423772645
0 0.7744018593837102 0.3291318275793637 0.008680108411256349 0.015394462523071261
0 0.766818630510047 0.30187306794019797 0.007108518052176649 0.013731832973421908
0 0.30780951746300156 0.5330724043835351 0.009461358411256348 0.015444527297895938
0 0.30780951746300156 0.5330724043835351 0.009461358411256348 0.015444527297895938
0 0.8747384631100796 0.7270727282576585 0.01973578307929138 0.036407869370616554