0 0.37120930483111714 0.31226692589920013 0.008863860271317848 0.016679068511654193
0 0.9565088498661851 0.07335075883882461 0.025309683065707134 0.04219742368379738
0 0.9565088498661851 0.07335075883882461 0.025309683065707134 0.04219742368379738
0 0.40593880668143106 0.6859586416433728 0.007982480721668494 0.01508928666048881
0 0.8652574413990385 0.9800496647829406 0.013070498920265905 0.021502977767481467
0 0.8723078790143948 0.9372309649643507 0.013170628469915258 0.023065477767481468
0 0.8656771472129922 0.9307354283038617 0.0105264898209672 0.01829613221398514
0 0.86855587176541 0.8858135533038617 0.0097452398209672 0.018268850362819757
0 0.8872103894241403 0.8696305199550839 0.007682092072720437 0.01040178666048881
0 0.8652574413990385 0.9800496647829406 0.013070498920265905 0.021502977767481467
0 0.8723078790143948 0.9372309649643507 0.013170628469915258 0.023065477767481468
0 0.8656771472129922 0.9307354283038617 0.0105264898209672 0.01829613221398514
0 0.86855587176541 0.8858135533038617 0.0097452398209672 0.018268850362819757
0 0.8872103894241403 0.8696305199550839 0.007682092072720437 0.01040178666048881