0 0.1421875 0.08345760453123256 0.0296875 0.049038967535011226
0 0.083203125 0.18073609594947868 0.02421875 0.05112800641014079
0 0.66796875 0.3891104451017731 0.02109375 0.03848245719592906
0 0.648828125 0.35523630903881986 0.00703125 0.023764985731976294
0 0.65625 0.26700000465506707 0.01640625 0.04217038337461147
0 0.616015625 0.26184270078804295 0.00390625 0.00799443651776457
0 0.60625 0.2568287920824545 0.0078125 0.013645123035529139
0 0.37890625 0.865320861458102 0.0109375 0.03410317224974104
0 0.398828125 0.9026742352175023 0.009375 0.01684289764263518
0 0.368359375 0.7712808400560666 0.0078125 0.013645123035529316
0 0.615234375 0.6169111904489607 0.0109375 0.029415672249741044