0 0.530078125 0.521875 0.025 0.012890625
0 0.541796875 0.480859375 0.029296875 0.007421875
0 0.51171875 0.46953125 0.016796875 0.00546875
0 0.4453125 0.45234375 0.022265625 0.0046875
0 0.4890625 0.446484375 0.034765625 0.0046875
0 0.50390625 0.450390625 0.016015625 0.003515625
0 0.530078125 0.521875 0.025 0.012890625
0 0.541796875 0.480859375 0.029296875 0.007421875
0 0.51171875 0.46953125 0.016796875 0.00546875
0 0.4453125 0.45234375 0.022265625 0.0046875
0 0.4890625 0.446484375 0.034765625 0.0046875
0 0.50390625 0.450390625 0.016015625 0.003515625