0 0.00859375 0.18984375 0.0171875 0.0375
0 0.10724041369097588 0.15791416761037852 0.016756936364518183 0.023696598620028198
0 0.1469724644495803 0.13122498254518664 0.008115388939893543 0.01340398092527657
0 0.1509106008889889 0.13090254139256255 0.008115388939893543 0.01340398092527657
0 0.170832411420012 0.11208238047522903 0.005389001666990012 0.008675570616851046
0 0.6155314036890362 0.2169794760523649 0.018574527879787084 0.026848872158978666
0 0.6256477150535542 0.19368516213185422 0.0125318219704317 0.019722164772652383
0 0.5822805457333887 0.24573769865809575 0.01382325500096986 0.025985801542127616
0 0.7397097637707157 0.061500840702576644 0.009279276212797071 0.018105117694751628
0 0.7568573251352337 0.038329257707342454 0.008115388939893543 0.01340398092527657
0 0.04377557490571267 0.8958476799887617 0.016103232122152634 0.025245461850553142
0 0.06682232096775884 0.8579141676103784 0.0125318219704317 0.019722164772652383
0 0.5838347356614075 0.7485937146882792 0.02090230242559432 0.036251145697928956