0 0.2435071846486116 0.17065845862983933 0.042006315254479176 0.026986048825501107
0 0.3045164400153998 0.12520003186809098 0.05054551386770836 0.024892351411925872
0 0.4049155037028129 0.09494070777190951 0.02285627175149294 0.00925297954602886
0 0.6201219497990456 0.3426125038922724 0.033848323138263935 0.0119149782923877
0 0.7189955342880212 0.347441233636157 0.0188954703647223 0.006795569279472247
0 0.7527256627549483 0.35427808692854457 0.02129377175149294 0.009207515439406322
0 0.8532711766226566 0.38062528975239623 0.030723323138263935 0.011824050079142268
0 0.4337409064382296 0.733930971924421 0.030832425911805572 0.01651155007914227
0 0.27769871366675386 0.6712269003687755 0.0369551393426736 0.011224656505633136
0 0.6364931386286289 0.7057680702687507 0.06871428561920148 0.034008938638086586
0 0.7378724942519621 0.6337687013058477 0.015007404160312631 0.007463159012915455
0 0.6841295718070837 0.6224459306540208 0.0149892203647223 0.006681909012915455