0 0.21207284573915572 0.07325524639956509 0.019149989337999784 0.03459317600254543
0 0.27730240173454235 0.04003448740847375 0.004787497334499946 0.00864829400063627
0 0.21207284573915572 0.07325524639956509 0.019149989337999784 0.03459317600254543
0 0.27730240173454235 0.04003448740847375 0.004787497334499946 0.00864829400063627
0 0.702041235439177 0.30938792206395166 0.0572772453453176 0.08893577800763594
0 0.7898072207391558 0.0647393144095874 0.009584085335772485 0.018077838001272717
0 0.8044515234126101 0.11490294641149638 0.009620448002863569 0.021202838001272716
0 0.25573166540020154 0.7749046550763602 0.007967041335136215 0.013372156667727352
0 0.8253401860677696 0.6633219914067239 0.007985222668681758 0.014934656667727354
0 0.8288058124005196 0.6590660244072011 0.0055869286680454875 0.01021988466740904
0 0.8321353524029058 0.676680512074292 0.0055869286680454875 0.01021988466740904