0 0.3635309227854623 0.22393630602773307 0.016894265551388798 0.02404233646384668
0 0.3693605492228233 0.2636845555334415 0.010165811922731471 0.01831891847906917
0 0.33522477603715206 0.2678196044497181 0.006357306738935265 0.010379084486680411
0 0.32588395129634173 0.26859223142688443 0.00846661088597216 0.01669275148287479
0 0.3402232172719666 0.4056061059325929 0.008329909849213024 0.015130251482874613
0 0.9098723987280778 0.33203333097086773 0.04507734561740726 0.0703416749048598
0 0.8929248340720364 0.27274520844232564 0.02257762902925915 0.04451400395433271
0 0.8942403166590506 0.09510766323323594 0.022304226955740702 0.04138900395433272
0 0.8953294982565737 0.06723003749179854 0.011728311922731294 0.018382585475263547
0 0.8581312318334717 0.1573417136323873 0.014921662441111039 0.019291169467652303
0 0.838204575872106 0.14913725933576857 0.018329626437360958 0.04044858646384668
0 0.8527653618758559 0.12737500587572748 0.010673659849213025 0.015225751977166357
0 0.3392156662824755 0.7996770995068022 0.025565927992499838 0.043078837946721474
0 0.7515927783462262 0.9138139008759463 0.011728311922731471 0.018382585475263547