0 0.829296875 0.612109375 0.070703125 0.0296875
0 0.90390625 0.52578125 0.025 0.012890625
0 0.80234375 0.4921875 0.024609375 0.007421875
0 0.65859375 0.466796875 0.0140625 0.0046875
0 0.626171875 0.465625 0.016796875 0.00546875
0 0.592578125 0.455859375 0.012109375 0.0046875
0 0.829296875 0.612109375 0.070703125 0.0296875
0 0.90390625 0.52578125 0.025 0.012890625
0 0.80234375 0.4921875 0.024609375 0.007421875
0 0.65859375 0.466796875 0.0140625 0.0046875
0 0.626171875 0.465625 0.016796875 0.00546875
0 0.592578125 0.455859375 0.012109375 0.0046875