0 0.008203125 0.316015625 0.01640625 0.01796875
0 0.05255361500606011 0.3302076048269428 0.033950065770898166 0.022209710910325243
0 0.0690848149848839 0.30669840869000603 0.02591005261671846 0.01766573212215263
0 0.059235525487051535 0.2822324904328564 0.02159427893919528 0.010315617728066329
0 0.7882489203242017 0.2907788298220936 0.1498704683593818 0.07676927833882914
0 0.5868519267601171 0.1575431092239386 0.021086044724210672 0.014939344849248925
0 0.01372175177423456 0.523502626727333 0.024719278939195188 0.01057070924333523
0 0.09517302548705153 0.546788940133294 0.043279563140062295 0.022193735456132478
0 0.11452190045175784 0.5082765617993141 0.008866765785015574 0.005389001666990012
0 0.12239880176011715 0.49985821945055015 0.01373627630835923 0.008896638939893542
0 0.7033499110456887 0.586959284378569 0.07295165258848364 0.051052059093554016
0 0.8814220676510134 0.6000258972505975 0.040655092079257216 0.0305323939408634
0 0.99140625 0.584765625 0.0171875 0.01640625