0 0.18937755212273544 0.3796142566076167 0.01994047776748147 0.0133130719704317
0 0.5584747817043155 0.4642750096517325 0.029451887023308386 0.01798459651623894
0 0.49193087784837475 0.4214499742704906 0.03106895072563951 0.01967464227387339
0 0.4413939199087503 0.3908378964655942 0.035674605172143006 0.017713529546777095
0 0.42339292621568614 0.37729363169220564 0.01985863221398514 0.010969321970431701
0 0.3380407414156294 0.35357739934053206 0.062373514427970275 0.02378805742656418
0 0.3857379141923776 0.3586394199483854 0.02454613221398514 0.01135195924333523
0 0.35880339195985905 0.36812611918978105 0.026163195916316086 0.013042005000969682
0 0.7340501732204613 0.3371634839583204 0.057041173683797554 0.027247897274843245
0 0.7465712486296147 0.29417077077703124 0.035674605172143006 0.017713529546777095
0 0.7780072597458739 0.2908941973691306 0.015143850362819577 0.00980543469752817
0 0.7843477843830542 0.28284251683907724 0.020530754809323426 0.007908094849248926
0 0.7504948567969827 0.2726784080499348 0.02524553666048881 0.009071982122152633
0 0.7728510064341629 0.2659340715356356 0.01665178666048881 0.00837048045516262
0 0.7465563631039185 0.2602820550952571 0.014280754809323426 0.007397911818710768
0 0.6969469881039185 0.25623247729036064 0.014253472958158042 0.006616661818710767