0 0.040988593397880455 0.3024848293473553 0.05759781603337348 0.0448281705407874
0 0.037890625 0.266015625 0.07578125 0.05390625
0 0.040988593397880455 0.3024848293473553 0.05759781603337348 0.0448281705407874
0 0.037890625 0.266015625 0.07578125 0.05390625
0 0.9063546438274217 0.3377925994685798 0.02253009724103805 0.014157588382282427
0 0.9079768981806353 0.3291100500909575 0.01369068577564878 0.00881889294638576
0 0.927694055292811 0.33150671067137905 0.012827548620519024 0.007197193361304244
0 0.2849964215863837 0.8887568146131046 0.03683825870642714 0.0199106809137497
0 0.3021413169956852 0.8808433985338521 0.039141065128862354 0.01930702966899407
0 0.3571801594312539 0.8848433529930648 0.04863889586155708 0.02236117468997225
0 0.3886603321472618 0.900355320212182 0.01525318577564878 0.00893729211654879
0 0.2849964215863837 0.8887568146131046 0.03683825870642714 0.0199106809137497
0 0.3021413169956852 0.8808433985338521 0.039141065128862354 0.01930702966899407
0 0.3571801594312539 0.8848433529930648 0.04863889586155708 0.02236117468997225
0 0.3886603321472618 0.900355320212182 0.01525318577564878 0.00893729211654879
0 0.691812447988579 0.918197244801908 0.041976138059640886 0.028859628424238615
0 0.5342782479658648 0.8877254349510771 0.03650738805964089 0.028445231328668007
0 0.6176263365004755 0.8860785793473553 0.020967597241038048 0.014039189212119395
0 0.6728870465863837 0.8709971083916495 0.03280917797373277 0.017270932988342126
0 0.691812447988579 0.918197244801908 0.041976138059640886 0.028859628424238615
0 0.5342782479658648 0.8877254349510771 0.03650738805964089 0.028445231328668007
0 0.6176263365004755 0.8860785793473553 0.020967597241038048 0.014039189212119395
0 0.6728870465863837 0.8709971083916495 0.03280917797373277 0.017270932988342126