0 0.29223351085616345 0.5266487532736368 0.0668876068519765 0.059135626063016034
0 0.18891928171772054 0.4993850739515316 0.05093838025772479 0.03683019136548786
0 0.16465460510075464 0.4758280803899703 0.029847952283992108 0.020328346516238938
0 0.1352996367606747 0.4895159953131401 0.033958920171816585 0.02455346091032524
0 0.4835374019122513 0.5442262335838673 0.036961089439121866 0.022464802425594323
0 0.20486186425943745 0.44968796289142504 0.018501016508343328 0.011623026212797071
0 0.2317093082892579 0.4389337293318036 0.020926653663473082 0.013376844849248925
0 0.2460517692796773 0.40479784539287983 0.023229460085908295 0.012786913485700779
0 0.248207951154368 0.3935972661505144 0.02253009724103805 0.014285640606883376
0 0.23843294182634303 0.8614775064626846 0.029929839439121864 0.02189084651623894
0 0.007421875 0.74140625 0.01484375 0.021875
0 0.020640672490894917 0.7130646788027202 0.029847952283992108 0.020328346516238938
0 0.8168583746055449 0.797184651756428 0.05245993668015991 0.03617648712312231
0 0.7973802349062238 0.7571496475889532 0.07186503392119796 0.05020703621473679
0 0.9716006459193576 0.7788247610046125 0.020063516508343326 0.0117505719704317
0 0.9716194566950062 0.7709803745652039 0.01841912935321357 0.010060526212797072
0 0.9921875 0.79140625 0.015625 0.015625
0 0.8738149211341281 0.7433818553948195 0.04419705732694634 0.026945008334949706