0 0.35662069483963066 0.5655092638696066 0.04154514845605384 0.07336888154179615
0 0.3413627552302506 0.587714340199142 0.02321181070710594 0.03955532366340577
0 0.2771985788677144 0.5084332402626706 0.019813992195451748 0.031560813140062295
0 0.26797364560767906 0.3802931942230418 0.02440228847458741 0.05131957629424182
0 0.2937487057242219 0.30351052183270155 0.02159474700477517 0.03790181840173403
0 0.29515868290114017 0.25192527051728364 0.019704864790790033 0.028435813140062115
0 0.2779389060909662 0.5096506178935064 0.018224210344286184 0.0306885578783902
0 0.24408226126310933 0.4928047521367258 0.017279269237293705 0.02595555524755433
0 0.22319808698874882 0.4743659297887378 0.00685020072563951 0.017551521046687314
0 0.21259293104463256 0.4530030166416169 0.008494546279135661 0.01998627630835923
0 0.2004339541842004 0.44250934954824217 0.005069445916316084 0.011210515785015574
0 0.8517596131659506 0.20261587976756168 0.021676592558271323 0.04024556840173403
0 0.9219729094450863 0.18713436391195887 0.019704864790789856 0.028435813140062292
0 0.26640625 0.984765625 0.0265625 0.03046875
0 0.285546875 0.994921875 0.01328125 0.01015625
0 0.2769320164737369 0.8820461390460747 0.015099210344286362 0.030506547355046633
0 0.2640240333063689 0.8593748430064458 0.01124752404661713 0.031841534200867015
0 0.2677765324417286 0.718290964060192 0.010057046279135663 0.0200772815700311
0 0.9328125 0.96640625 0.0265625 0.0671875
0 0.9233307955613455 0.8705958231692957 0.03696677586071573 0.07622086575678075