0 0.355732210983729 0.22854379718934936 0.01856074585081515 0.009068997402109957
0 0.8811438402331602 0.3799856009118612 0.08577247925407558 0.044853314114071806
0 0.7390577176201025 0.3272462360513198 0.02612479211654879 0.01659192029858776
0 0.8445448733263928 0.29810199837207885 0.04540758838228243 0.024934298022528622
0 0.8128576267506314 0.2550459490506052 0.027628092531467273 0.015919930942249395
0 0.227370412643403 0.6309478953280936 0.027628092531467273 0.015919930942249395
0 0.32597339469701725 0.6511945113615291 0.09672163464801606 0.03551651894153487
0 0.9190955100490011 0.8109408519587046 0.01856074585081515 0.009068997402109957
0 0.9149116678298841 0.7780546192231422 0.018797544191141213 0.012193997402109958
0 0.8059398708392042 0.7288089180404127 0.016939046265733636 0.008178486758448145
0 0.9190955100490011 0.8109408519587046 0.01856074585081515 0.009068997402109957
0 0.9149116678298841 0.7780546192231422 0.018797544191141213 0.012193997402109958
0 0.8059398708392042 0.7288089180404127 0.016939046265733636 0.008178486758448145