0 0.21220606677628417 0.43075420971615336 0.02723595364722229 0.06400158681758547
0 0.14606413502272525 0.38974556096804286 0.008321646276527872 0.02233002630835923
0 0.1346457442551558 0.36076335174599966 0.007504028685347208 0.020722023677523183
0 0.1275511775757808 0.3471331267389409 0.0058324259118055725 0.015943518415851444
0 0.1316288672131245 0.4065802333230895 0.005723323138263936 0.011256018415851443
0 0.21220606677628417 0.43075420971615336 0.02723595364722229 0.06400158681758547
0 0.14606413502272525 0.38974556096804286 0.008321646276527872 0.02233002630835923
0 0.1346457442551558 0.36076335174599966 0.007504028685347208 0.020722023677523183
0 0.1275511775757808 0.3471331267389409 0.0058324259118055725 0.015943518415851444
0 0.1316288672131245 0.4065802333230895 0.005723323138263936 0.011256018415851443
0 0.8581001216299822 0.20245032280680456 0.005796058320624908 0.014381018415851442
0 0.15149684403673563 0.7433371451900861 0.004160823138263936 0.011165013154179703
0 0.551953125 0.926953125 0.00390625 0.02109375