0 0.510546875 0.251171875 0.03828125 0.06484375
0 0.4642361669888585 0.21495599800444856 0.04532834651623894 0.03140889469597585
0 0.3454301884302069 0.2740757873611067 0.03770716515269079 0.03329761838761662
0 0.3529638916095563 0.20769999395231392 0.04175693636451801 0.025758134172632195
0 0.3079384985021879 0.1753915110174539 0.010730205909355384 0.007622784200867016
0 0.34259255319874615 0.16238364131441935 0.010730205909355384 0.007622784200867016
0 0.510546875 0.251171875 0.03828125 0.06484375
0 0.4642361669888585 0.21495599800444856 0.04532834651623894 0.03140889469597585
0 0.3454301884302069 0.2740757873611067 0.03770716515269079 0.03329761838761662
0 0.3529638916095563 0.20769999395231392 0.04175693636451801 0.025758134172632195
0 0.3079384985021879 0.1753915110174539 0.010730205909355384 0.007622784200867016
0 0.34259255319874615 0.16238364131441935 0.010730205909355384 0.007622784200867016
0 0.7904316183562861 0.37903869773621734 0.08003805742656418 0.06608700256024883