0 0.3421791732809437 0.3298476452253796 0.048075781017246653 0.02851140785015538
0 0.674913513541898 0.33190791506252976 0.02469178494618802 0.011566831555913737
0 0.1322070138514843 0.8303397398648859 0.04956550641014079 0.027039913111827296
0 0.15007408322713173 0.8018811754094056 0.03272260876750579 0.01670935786427279
0 0.2909698339510028 0.7658653215972674 0.04974744292790554 0.030946163111827473
0 0.3515723669327201 0.780353120338319 0.049002580231458384 0.03168191048099143
0 0.403752374066732 0.7737888190723121 0.036810795285270356 0.020843121018452492
0 0.3805288897824977 0.7124718874740461 0.04602312944567011 0.03462489995764777
0 0.29931420005966264 0.7011430334501464 0.09186216832079949 0.03184080517696728
0 0.18206356079163905 0.7150224293909531 0.02309289764263518 0.01069457629424182
0 0.2022754571936744 0.703269734673801 0.02469178494618802 0.011566831555913737
0 0.813194763541898 0.6240954150625297 0.02469178494618802 0.011566831555913737