0 0.550161847384075 0.21883307727961618 0.04511630183796278 0.07857044267186346
0 0.5508317182134038 0.30038279561188885 0.02767523213953691 0.0487102200031817
0 0.61070181583382 0.03979473894018457 0.03667908524981467 0.05349771733768165
0 0.6563079045472462 0.09389589093334401 0.030048376437360958 0.04015283267027261
0 0.6767721569977322 0.1276075459301623 0.012782963996249919 0.02122101933481808
0 0.625400365668774 0.15278963293684383 0.014618866069768543 0.024364200668363624
0 0.6804395344482185 0.1615146502625942 0.012548518143286991 0.027461928668045487
0 0.6908596245990054 0.17622204026100335 0.0057811082940741445 0.01255454400063627
0 0.6647226333878251 0.23857231793048045 0.00846661088597216 0.016488066000954406
0 0.646875 0.96484375 0.04375 0.0703125
0 0.6697347089771071 0.9475936029400256 0.02359332488222208 0.0377363573360908