0 0.7356466489728269 0.29496893798454066 0.026005125126050643 0.03753720553496285
0 0.7568500235946747 0.1838032594914198 0.013412289976756853 0.02462797776748147
0 0.04695031772036815 0.5451487426587878 0.01630234319506556 0.03252232332097771
0 0.0804401609154338 0.5760887186121708 0.013652590597175518 0.050354664065150524
0 0.10381195893796233 0.6191293904818697 0.006124313861970343 0.009565972958158041
0 0.7095379810200277 0.49863957500784917 0.055550513493653496 0.05883185217691826
0 0.7558120474798882 0.48840891393792357 0.022880125126050643 0.037428078130301044
0 0.7847400768129834 0.5101102991471336 0.01853683255140375 0.03104166887447395
0 0.7600205312238568 0.7893860987379803 0.015974561264080478 0.02783482332097762
0 0.7851905039844486 0.6005492880308743 0.017739157057036083 0.04192460517214318
0 0.8100457154326876 0.6032055347191634 0.0062335745056321555 0.011128472958158043
0 0.8229363404326875 0.6027553841749338 0.007451867080279051 0.017405754809323427