0 0.9079328671026156 0.27165664231570774 0.05616748962703788 0.01984941256778665
0 0.8948121940746395 0.2282018185453718 0.03538139294638576 0.013481237899751619
0 0.863076942000047 0.22410921618423965 0.014654495850815153 0.007894313231716587
0 0.8566672876434029 0.21586518456838136 0.02066769751048909 0.004805674668035031
0 0.8905808076643812 0.20668335469882315 0.025473596680652123 0.0063954457452737755
0 0.8680963287226554 0.19912739690239878 0.01609859668065212 0.006340903590796287
0 0.8942623760256853 0.1941992628272125 0.014476897095570606 0.00555056323171641
0 0.9440493497809298 0.19214413172799044 0.014417697510489092 0.004769313231716588
0 0.3051208868112438 0.7730199357372268 0.02756889294638576 0.013435786104353475
0 0.2321516171026156 0.7354696783218654 0.026006392946385758 0.013426695745273953
0 0.1037140587016773 0.6718041002103281 0.01609859668065212 0.006340903590796287
0 0.0831827047599516 0.6642595053627531 0.01922359668065212 0.006359084308955332