0 0.3471547793715325 0.2924080125817229 0.029004438988021165 0.04624374092481372
0 0.98984375 0.3046875 0.0203125 0.0578125
0 0.9371304792937541 0.40445323418731843 0.016029191585911207 0.028206813231716588
0 0.9586800103039467 0.2807001046497253 0.020481744804219916 0.03604203912941557
0 0.9632909186599278 0.24829186518834465 0.01119422611478651 0.014902837334017604
0 0.9568332870391518 0.24004783357248644 0.009287518689433583 0.021139201795397966
0 0.9394683294877479 0.27042795257146024 0.011177800620418666 0.025835792154477843
0 0.9380095543035895 0.24658164685330092 0.009740986758448145 0.016456246974937905
0 0.9265230741659171 0.2711342071090533 0.00885047611478651 0.014889201795397966
0 0.9114445593733187 0.31911290441595613 0.008069226114786509 0.014884656615858204
0 0.4296875 0.442578125 0.0234375 0.02578125
0 0.357988554555691 0.4844770774732643 0.028294244804219916 0.03608749092481371
0 0.8458638459958809 0.9320543077121648 0.03685514381548423 0.05800339754067192