0 0.6546329576596549 0.25058950444792466 0.06360022748246603 0.08085404776646961
0 0.6109354175618325 0.13116957041135943 0.028534812615356307 0.044169531017246653
0 0.6448632842331137 0.20207067152812463 0.020952850092285046 0.03524829528527036
0 0.6758845431016995 0.11756616191291336 0.05576674352159507 0.12878212551672874
0 0.7072905821982296 0.07574893920836097 0.026952526218161667 0.031633143713693815
0 0.16280235463732176 0.8614788277525136 0.04278707973421945 0.07209547787409357
0 0.9125836497508313 0.7035550696874884 0.03961201495939477 0.07116867865988183
0 0.9267818036683286 0.6805616986164298 0.021934359191583753 0.0384096825888232
0 0.991796875 0.757421875 0.01640625 0.03046875
0 0.997265625 0.884765625 0.00546875 0.05078125
0 0.982896006704505 0.9631719143941128 0.0202717296419344 0.03677440798171734
0 0.991796875 0.75625 0.01640625 0.0296875