0 0.46460777341261006 0.13439412707273313 0.02668976933481808 0.013261417624907424
0 0.4344796497453601 0.1327287470303487 0.018813634667409217 0.007109162441111039
0 0.6810503860797008 0.21222234997597322 0.06052896733768165 0.03729423991523149
0 0.59921875 0.13125 0.0390625 0.021875
0 0.12519555641308724 0.6946872536282647 0.07304714867122701 0.03995034820930545
0 0.31994925407779196 0.6631806742925475 0.05099942600254544 0.023192783694675968
0 0.490602654081769 0.6775771362857885 0.08169544267186346 0.04538970391148141
0 0.31630099339590617 0.5512763508476863 0.028188634667409042 0.007929368661666557
0 0.7180185820734966 0.6011109640427328 0.021248291335136216 0.01512671399624992
0 0.59140625 0.58125 0.0234375 0.0109375
0 0.590625 0.57265625 0.021875 0.009375
0 0.617532231401156 0.5680629553953251 0.015706816000954405 0.008398260367592414
0 0.7914469914067239 0.5939047653150478 0.020412497334499947 0.010370863477870352
0 0.828983627745042 0.6273768656920153 0.05734033267027261 0.03155208784171286