0 0.10010779737529392 0.11908853672646477 0.031041960085908295 0.011469334009531628
0 0.9768611875268706 0.12109975750382392 0.038028944482076096 0.025640928165332966
0 0.6778880989922598 0.12056437479483381 0.041607645861557074 0.01945911201270878
0 0.6876365742297448 0.10551409618274858 0.03848264586155707 0.0194045649348082
0 0.7210510611701039 0.08033968242439364 0.10060750961093845 0.04312448295387128
0 0.664453125 0.09140625 0.02890625 0.0265625
0 0.7010760758694249 0.041744786726464776 0.024832903663473082 0.012141489853730291
0 0.9116876882620396 0.03176165786949827 0.02335229081860284 0.013676716314779824
0 0.873046875 0.002734375 0.01328125 0.00546875
0 0.871484375 0.00078125 0.01328125 0.0015625
0 0.4114503318623187 0.6381130464656974 0.012745661465389269 0.004905688311602674
0 0.42861902108666994 0.6306073737788888 0.015171298620519025 0.006509098620028198
0 0.8803795949219596 0.7711681440714282 0.031041960085908295 0.011469334009531628