0 0.4 0.371875 0.0390625 0.0390625
0 0.367753944649567 0.3285008940210254 0.075497026735205 0.04400901923042237
0 0.09281392881012529 0.34995840125973565 0.047497712873234656 0.033360463606069854
0 0.06631159495977638 0.327309632546042 0.02453010643661733 0.016716619106587772
0 0.03871933159217385 0.30577815787701884 0.029725704827463062 0.013065080231458382
0 0.6310407304773873 0.18340127481199361 0.023530335149293792 0.013555231803034928
0 0.10474280536117182 0.7233081061816078 0.11805051349365332 0.06234379631872766
0 0.31389678914357766 0.6575151710068867 0.0421000186894334 0.022985889784752446
0 0.3913635483622436 0.635036607317509 0.037357888367602496 0.02198631596343468
0 0.3812319366037954 0.6182119033266502 0.030381268689433406 0.02244008023145838
0 0.34246722645450156 0.6039471191043333 0.021858574505632156 0.011919957195929065
0 0.3510500867879539 0.5930556417469683 0.018569683540139614 0.009430657981717338
0 0.3242062224316157 0.5933627797743923 0.024983574505632156 0.012065506410140791
0 0.222963291615417 0.5987704866607352 0.01722570482746306 0.012482883374611476
0 0.62499264428125 0.9106583067602537 0.046787518689433406 0.023204213606069855
0 0.8084883872823218 0.8175836838271684 0.0470770957929556 0.0162093509096227
0 0.7776454377766896 0.8052452726403805 0.027944683540139438 0.009867305624352517