0 0.727734375 0.06171875 0.11640625 0.1234375
0 0.39994813473665136 0.7719899826458116 0.01651299377622273 0.01272004549649317
0 0.3742086012308222 0.7542471229143608 0.024077040041956366 0.02020187846991526
0 0.3507298460443412 0.7429294898947963 0.044200285892771515 0.02926599784053181
0 0.34605354013059164 0.7787418279577347 0.038790735477853035 0.029696794416759077
0 0.24648495900938286 0.8080806708794768 0.02702444128671173 0.018058387569213786
0 0.3709602969790689 0.6986933825535265 0.041927390871793334 0.019790868290882457
0 0.47057596098372895 0.6842733867940215 0.025165943361304243 0.01405200801956461
0 0.5059210038252239 0.7202952783730174 0.046425636722608486 0.02785369216500566
0 0.5264882465641504 0.707875022743634 0.027628092531467273 0.015764702344038463
0 0.4239382206317449 0.6522380883674802 0.016998245850815153 0.008863860271317848
0 0.9143362324545997 0.6463280498108173 0.05164593298834195 0.035185330813953544
0 0.7225034686573988 0.6552310271410124 0.09791728174358649 0.040482902528608554
0 0.7750495121235937 0.598935010792729 0.03579579004195628 0.020952850092285046
0 0.8631244861911881 0.5555138814737923 0.037358290041956364 0.0210529796419344