0 0.3501597451128557 0.39832311613602667 0.011637836958138336 0.01788840684754529
0 0.980686162869078 0.41580755514027157 0.018238005437207504 0.026882675046142522
0 0.8011990037443679 0.06699622262827494 0.005978085969555025 0.012850453423772645
0 0.467578125 0.86015625 0.02421875 0.04375
0 0.43682876832596984 0.8957330906884448 0.019624091901054186 0.0417764898209672
0 0.459765625 0.98984375 0.01328125 0.0203125
0 0.413299073668037 0.9622540106450707 0.008481003460041237 0.016906897748246587
0 0.9261896986680369 0.935517481496861 0.028935424904859806 0.040814767118863136
0 0.8863366784020819 0.8417267111387954 0.019864172433401706 0.028545304595791875
0 0.8874952952462707 0.8028796094269091 0.02070908942959626 0.03015786937061655
0 0.8491125803223829 0.7740076862310803 0.021617673421985017 0.03333293414544123
0 0.8526242174325269 0.8313544640688434 0.028487097338261692 0.06805838756921379