0 0.3412558400953163 0.12826208472486153 0.021966503246410873 0.05049096248093754
0 0.7705338315706044 0.43543619224805585 0.02736706939903506 0.04671199905006951
0 0.7728648319759939 0.5018697179414413 0.037768781249588025 0.061010888392743115
0 0.8147182311238522 0.48371101790331633 0.015280126623205348 0.02534549211621524
0 0.8612135813687335 0.2840935308210941 0.020103994317957154 0.033267094889756876
0 0.8322032812479405 0.1432409067710247 0.021734678165332966 0.03720971248093754
0 0.9182155807598255 0.3061149810013893 0.006604556006354479 0.0204579703647223
0 0.6943185874578134 0.781150368776997 0.0314778709411625 0.058521668028020814
0 0.7239359265404799 0.8001916361116324 0.01712899878218401 0.0417881097073959
0 0.7364728827089901 0.8473393930454864 0.015511951704283433 0.03862674211621524
0 0.7307507625786064 0.922175738885174 0.012196036931630872 0.027616506933854267
0 0.738733722197046 0.9321232018410768 0.010633536931630872 0.027580139342673605