0 0.24817697482908016 0.23891632337734334 0.036094275864247474 0.08671940321038196
0 0.29282606518934406 0.24724575513090227 0.027417957838416385 0.05685006525447918
0 0.2746809535171792 0.0524878608964058 0.021790083465237232 0.05125402868534721
0 0.24837569203655238 0.030849576844270386 0.019400869358614514 0.04963697729857639
0 0.021413549518828658 0.6259240544756418 0.017156407759274295 0.026163109707395903
0 0.723688962952742 0.7258873602792704 0.06613111685133184 0.07258482123840278
0 0.7073552296125358 0.48229224914697866 0.042784545064577274 0.07516430737069442
0 0.6578319454017647 0.5743989018823953 0.02631845909205772 0.04589438145888884
0 0.6347671757724699 0.48163959213687446 0.015449155251991798 0.04798355832062491
0 0.6219704848249565 0.4518796835597044 0.008403533386094963 0.020494337955902785
0 0.6150642611181689 0.44774646272001695 0.00675010517284953 0.0173329703647223
0 0.6081137475592244 0.48538284118694397 0.015912156505633136 0.03706424211621524
0 0.6011303101747791 0.5643981939604856 0.010125157759274295 0.025999455547083272