0 0.5756015263417961 0.15468992924014238 0.03447953912941557 0.02057353174358667
0 0.7209233771412993 0.21245840620752193 0.043118740924813714 0.02903722717948316
0 0.309627068398078 0.880398479030361 0.048573855386194256 0.02710787427505377
0 0.309627068398078 0.880398479030361 0.048573855386194256 0.02710787427505377
0 0.22430946452441472 0.8591168588042457 0.07209771379745078 0.04372761182749905
0 0.08594640129269822 0.8555326853636733 0.05871192466803503 0.024752468881113286
0 0.10260237572696411 0.830041144284421 0.018009656615858204 0.00839284045687485
0 0.08072964831673404 0.8320893576667032 0.021152837334017516 0.01175463879720091
0 0.10060607152133602 0.8227672682471248 0.020353406615858206 0.008570439212119396
0 0.87207934401291 0.8536085295455258 0.03374828610435347 0.029108082158505154
0 0.7798870383929466 0.7925957307926035 0.047011355386194255 0.026989475104890737