0 0.8198585494212107 0.22208397825829893 0.021949411069925696 0.0471113573360908
0 0.16100933907692436 0.9755629669199809 0.00606895072563951 0.01725113466740904
0 0.9197457378918734 0.3931774545870718 0.016661710344286363 0.02986931333545444
0 0.89375 0.377734375 0.078125 0.05546875
0 0.8530741038637897 0.44627572992920783 0.017442960344286364 0.029878404002227122
0 0.8970832483327514 0.6843385302554355 0.030044653265377263 0.07766192333704539
0 0.8782700055467366 0.6751862515913671 0.020731651451278844 0.034602266669318024
0 0.8575172786863046 0.6656660745942306 0.019933043283910833 0.056459085335772485
0 0.8317050295933537 0.6444907822645032 0.010084328130301046 0.020421588001272716
0 0.9308159133473604 0.48988427725177647 0.02105903366526398 0.043977266669318026
0 0.9155145783195602 0.45843455625400364 0.00997520072563951 0.017296588001272716