0 0.2179419284295662 0.1604141167517386 0.013440331283893414 0.027807541469812236
0 0.1660052324388026 0.02514626670540494 0.02366021379745078 0.03909970553496276
0 0.1418195295236569 0.6700259908870982 0.02677612343837099 0.03764633293962447
0 0.2109375 0.383203125 0.0203125 0.02734375
0 0.22351346585005896 0.3894952261426419 0.019749418617910842 0.03818204627913566
0 0.24007853669352866 0.42875241634258526 0.04510394262201593 0.09999256551642936
0 0.243359375 0.376953125 0.02734375 0.01484375
0 0.2815302384889268 0.4194939782308175 0.012640900565734015 0.02465525961864685
0 0.24242832314156768 0.6290202730123408 0.014198855386194253 0.02392857332097762
0 0.27931297219477075 0.5992224010075657 0.006327268052176827 0.013499504809323427
0 0.2832237673743105 0.5983047417517386 0.006327268052176649 0.013499504809323427
0 0.3009155218628058 0.5781596501005165 0.003951701795398143 0.007948909255827275
0 0.652108371051582 0.5152380260075657 0.010251698770336048 0.016760914065150522
0 0.6646987537615311 0.6335242345377534 0.006318177693097127 0.011937004809323425