0 0.5778941764304186 0.2988970489709282 0.07135336829088246 0.04623701333591956
0 0.37134843498985004 0.2956372246449437 0.036457934145441226 0.023182279546777096
0 0.27543575647379237 0.24817261562628018 0.057751943244739756 0.028029147274843423
0 0.01892958782761305 0.2657037812983559 0.024388730721668493 0.016756936364518006
0 0.12529080813953614 0.22153887077218207 0.010456638648948057 0.0055165474246244624
0 0.0872447428248444 0.22814773827072726 0.012169332973421909 0.007987843182258914
0 0.666796875 0.33671875 0.05390625 0.0390625
0 0.09168417103174767 0.9445937334992784 0.042177008019564435 0.02753493969849785
0 0.11459778724160348 0.847375841454926 0.02960715684754529 0.013297096516238938
0 0.17076279688076915 0.8445775001691779 0.02008196252307126 0.0101880719704317
0 0.16330539751292134 0.8676722370627793 0.015394462523071261 0.00980543469752817
0 0.746484375 0.86171875 0.21328125 0.096875
0 0.6609375 0.84609375 0.0421875 0.0484375
0 0.7643672497646747 0.7936288302450383 0.0706023966685125 0.03451826333591956
0 0.810486032152087 0.7977820550952571 0.0386514898209672 0.021029848183228773
0 0.9271623924234049 0.8236266911602128 0.032852072794389106 0.027550915152690793
0 0.9099464103912895 0.7429507115385451 0.04129562846991526 0.025908666819680626