0 0.23416003686190426 0.11278556790019634 0.04770267095052709 0.02276911465389251
0 0.286328125 0.00078125 0.01171875 0.0015625
0 0.705859375 0.18828125 0.03203125 0.01875
0 0.7536588061206857 0.14668307270566555 0.015816000988583136 0.005506371551297562
0 0.5281792922991118 0.8426014634230692 0.050523923421985015 0.03461069538658705
0 0.362684284884738 0.816043364711693 0.04135717045623544 0.020097816033373662
0 0.23772607070228752 0.7947985467557259 0.03966733646384677 0.016890928878243727
0 0.3206181544475305 0.792411652533849 0.04923333745242999 0.022069751809022264
0 0.9623805373561959 0.5838350522963641 0.03639775642579064 0.03231121099041943
0 0.8532064906642315 0.5656776127890994 0.020821835969555114 0.013564533016686652
0 0.8386797463485847 0.5934496093403969 0.03929992193911023 0.027006235300678937