0 0.13823836637315062 0.20450040994393345 0.06506762512605065 0.03962973428423435
0 0.049905526948869385 0.10499481172265242 0.059287518689433404 0.02378641046291676
0 0.7947286669935693 0.23730010142409688 0.07031785383872738 0.036759445409104786
0 0.5962884900742056 0.8075740021693585 0.05102155062041867 0.028073650123834427
0 0.6193135857411104 0.7860639522312758 0.03395973675844814 0.017934516749222952
0 0.7644266668675185 0.7955481720403441 0.05129470222957302 0.03197990012383443
0 0.8207994940970915 0.8277645896372725 0.049786832551403745 0.03268837551672874
0 0.8732716071544846 0.8376062203235424 0.03730325804577177 0.021205065963434678
0 0.8616787252816073 0.7720443595915659 0.04760697351689647 0.034922963606069855
0 0.7844115669256263 0.7361293034504849 0.09270095222957302 0.03390842721213971
0 0.6663581945235163 0.712720651569322 0.02336644418380125 0.011211481803034929
0 0.6889953421097849 0.7079347020241333 0.02498357450563198 0.012065506410140791