0 0.07784275412607097 0.045581328264733045 0.0069050972410380496 0.012791098428423454
0 0.09844405981333715 0.1338272679875681 0.01014960594746519 0.03008776033908216
0 0.09904492537174078 0.20477546877335637 0.01647817107632754 0.04674872146395277
0 0.17696574711509472 0.29374275030733166 0.014714275214770645 0.027962334160399747
0 0.0591425424004826 0.09770567741702756 0.006369508706427318 0.01744221112487061
0 0.851346112900641 0.07235790187890823 0.03028836555840364 0.07233091832079959
0 0.8264639605939348 0.09574830220988514 0.017996405472495525 0.06084760876750561
0 0.777388470995813 0.37129836197032146 0.009985831637205855 0.02696276033908216
0 0.7675426198538169 0.3618773393276863 0.008423331637205678 0.026889985731976297
0 0.756542625225113 0.1817264397205804 0.007068871551297562 0.015916098428423453
0 0.757093120758328 0.7385896966474499 0.022973832541716987 0.05172731989237604
0 0.7781912720469519 0.9032343935042967 0.02248250961093845 0.04235231989237605
0 0.7225770188811629 0.8160854001215799 0.015904960990419426 0.03581122146395259
0 0.7066991737320606 0.751050078264733 0.00702460594746519 0.029942211124870433
0 0.6863933177845954 0.7204892829794627 0.008668993102595123 0.031577485731976294
0 0.6756644394494642 0.5232054643276862 0.004561347241038049 0.012681936517764569