0 0.11624754296833913 0.44237108815025206 0.030905841248144217 0.06892361479078986
0 0.1386769422785986 0.44002362090846675 0.023717460990419426 0.035920141832631994
0 0.16256149960554483 0.4173772945922642 0.024577276119281777 0.05232639183263199
0 0.1640625 0.4609375 0.0234375 0.0375
0 0.48726874802163556 0.10277411941085432 0.01796210594746537 0.030260418874473994
0 0.4571081962353275 0.19290308424797792 0.02622498530067894 0.03912698738612832
0 0.4703745392367232 0.4027331966341062 0.02252345318850324 0.042896828130301046
0 0.48546561171524616 0.40599956773183205 0.020097816033373482 0.041252482576804896
0 0.5003010566495777 0.3693403432760616 0.010480476594251619 0.021421132213985138
0 0.5256036900730916 0.25243062362961455 0.014632388059640889 0.026245041469812234
0 0.5488005116471033 0.2802431269413256 0.0108899123699004 0.029233632213985138
0 0.535520922660237 0.287214851397096 0.00969922659425162 0.021393850362819756
0 0.2903484031554468 0.7392299745829974 0.01788021879233561 0.028697918874473947
0 0.46149750622003644 0.6844172170525262 0.013482645861556985 0.019186509618646853