0 0.8198190368301249 0.07385357299427389 0.02501984736759475 0.045448855386194253
0 0.22969873451813036 0.7833257734735326 0.07803820916315977 0.10980679205628192
0 0.13022079037350398 0.6534092627876195 0.01089285998146643 0.021152837334017606
0 0.09297130543444636 0.7950609524827691 0.0142906784931208 0.028983518052176648
0 0.6424690803881128 0.8220408276791609 0.03760169292109108 0.04786532825883114
0 0.6553026524855552 0.7532021966781346 0.045669653265377266 0.07759373487468953
0 0.6699566410104008 0.53510390906125 0.03536707032575279 0.05097669272021177
0 0.6565563399219416 0.509395381933887 0.016743555897782515 0.03212215359079611
0 0.646887446001134 0.5457871394474443 0.015017364790789856 0.027425563231716587
0 0.6007465833409287 0.6230243381686824 0.017442960344286364 0.02978294877033605
0 0.59765625 0.786328125 0.015625 0.02734375
0 0.59375 0.72265625 0.0078125 0.0359375