0 0.182421875 0.023046875 0.05859375 0.04609375
0 0.12076859613299815 0.2553849285086134 0.005832462852981379 0.012818518415851443
0 0.996484375 0.199609375 0.00703125 0.01640625
0 0.9891518774407755 0.19385938243369116 0.009207515439406322 0.021594278939195098
0 0.9866250967598187 0.22763899559492948 0.010906407759274117 0.026372784200867017
0 0.9746832063204126 0.20588545744780867 0.009852373119538172 0.016952281570031147
0 0.9750541051063426 0.23203458113239064 0.008244409012915455 0.01529877630835923
0 0.9831268494649569 0.281640103494496 0.007463159012915455 0.015253273677523183
0 0.33888679565814445 0.6657455758354252 0.0414266335443795 0.08352513154179615
0 0.7881486612558353 0.9326670363022991 0.055793010424841326 0.06798343152767891
0 0.749000587390763 0.8738422850221749 0.013091033386094963 0.021040542093374803
0 0.7153996514578146 0.858236548211648 0.02542354882550111 0.04281683155591365
0 0.6858670957372868 0.8752346969244649 0.022207620612255674 0.039509821032569906
0 0.7409727902146146 0.9732052481904718 0.021289978292387702 0.034776818401734036
0 0.722265625 0.9859375 0.01953125 0.028125