0 0.075390625 0.01640625 0.01953125 0.0328125
0 0.07307213163575543 0.18641934923223152 0.018651840912470873 0.03623750892845372
0 0.06238797032391421 0.16123327577435909 0.010952087452429992 0.01970852800317715
0 0.05399980876492734 0.1371781670080611 0.01214717292769336 0.029878414772652385
0 0.0625842884989722 0.23305372869645832 0.005101335475263547 0.010238070616851048
0 0.05044573859411248 0.2723003250843732 0.011206755437207505 0.02595852800317715
0 0.07699095773806927 0.023185827925394607 0.025252009391540042 0.04494035308425506
0 0.07315171538099836 0.18446622423223152 0.020150673916276673 0.0347022824674041
0 0.06246755406915723 0.15928015077435909 0.013550505437207505 0.025999438311602674
0 0.05357735026683006 0.1379662353927987 0.011206755437207505 0.02595852800317715
0 0.06219366349897219 0.23306054708119595 0.007508752471457924 0.01184148092527657
0 0.050804530096015196 0.27307475669963555 0.009453254448624193 0.021243754464226862
0 0.7151084747353575 0.24753719420045944 0.013423171444818749 0.022874438311602675
0 0.6991028020548098 0.27631191782048764 0.011924338441013127 0.024409664772652384
0 0.6785926197727573 0.6967431946058489 0.01732942144481875 0.022942622158978486