0 0.4373632418803295 0.3422098514568656 0.017369337955902786 0.009215503333979847
0 0.7966817308624127 0.06260145510010631 0.053579594889756874 0.023867805759574166
0 0.778515625 0.034375 0.07734375 0.03125
0 0.21307954217499958 0.9353459569120283 0.014135235182360973 0.0042729118187107675
0 0.9544396794756418 0.8034177737365582 0.06704268284565984 0.03276444469946771
0 0.8633428806058676 0.7658463354755292 0.061464830072118205 0.027630534547746954
0 0.788697464619878 0.7444897641090714 0.09683928561920148 0.03987531409452387
0 0.8574929241088537 0.748148652444991 0.03942617591180557 0.0188136439408634
0 0.88953359261184 0.7335439540370903 0.05659549211621524 0.019435397274843426
0 0.7997174449104163 0.7082094365336958 0.02988752175149294 0.01101711939505634
0 0.755078125 0.7109375 0.03046875 0.0109375