0 0.46836204088908034 0.41225685253421834 0.04823943787965277 0.09352869114536908
0 0.46737717648048643 0.2187951832943173 0.03684734298989589 0.07367919239901025
0 0.49532066512977463 0.22697257040176472 0.023710910144236052 0.045971729546028864
0 0.530078125 0.08046875 0.01953125 0.0421875
0 0.5229244875087329 0.052614422242655404 0.01653418977951393 0.039517141066226814
0 0.621484375 0.007421875 0.01015625 0.01484375
0 0.5549875856747921 0.10558814113273378 0.0057051393426736045 0.010315374373179509
0 0.3783455448309727 0.5997299403871998 0.022729638392743112 0.0373552474927175
0 0.37226115862243114 0.7077924929736245 0.017878484232430658 0.03018760517284953
0 0.39296875 0.50859375 0.025 0.0171875
0 0.3473309543580735 0.5603707494396863 0.016443270801562448 0.035610891066226814
0 0.7977933347248616 0.5501504833734596 0.019822843939826383 0.04663931927947225
0 0.7888719497990456 0.5195297949332287 0.011555749050069508 0.02688074874635884