0 0.18557988317485652 0.08983380712766972 0.04483362884037305 0.11472962891096028
0 0.806955604765065 0.3591645124387526 0.030855157850155378 0.04851309471009344
0 0.7920568242986905 0.14708522951800998 0.02139685786427279 0.03316881577089816
0 0.8051109256564606 0.19031580190129152 0.019690144695975676 0.0439698078783902
0 0.7907603638318165 0.20944872162550218 0.015746097340929133 0.02972529735504672
0 0.7758900098785039 0.20408602292680272 0.015328868387616624 0.03592979472421067
0 0.7526383730397421 0.20894397553646246 0.019417128910960278 0.03928230787839038
0 0.7704821730609183 0.23009478608098233 0.021760878910960457 0.03941881577089816
0 0.18337061098921897 0.5994212742422207 0.0371429552052021 0.06289411312594488
0 0.096484375 0.53828125 0.02109375 0.0171875
0 0.9837566543274245 0.6815694044333054 0.01436560786427279 0.0327592920933748
0 0.9617378056710774 0.7120493478350394 0.012203868387616622 0.035747784200867015
0 0.992578125 0.92109375 0.01484375 0.0328125
0 0.9377885833301483 0.7422524228138633 0.004452281570031147 0.009602513154179704