0 0.7008171281420749 0.09828094936927752 0.06779762440943671 0.04371147362105354
0 0.625 0.007421875 0.078125 0.01484375
0 0.5089966885326949 0.8269943599561497 0.050200896641955414 0.030991665742663342
0 0.4606708051375833 0.7596395309604848 0.04917410998146643 0.023914913111827474
0 0.4177876179328649 0.7820185480256248 0.045758933302444224 0.03774989995764777
0 0.2506881699283733 0.7445814912861844 0.03653770072563951 0.019280621018452494
0 0.26249993376578046 0.6854189584007354 0.01977678666048881 0.008168815770898164
0 0.35177944397499045 0.7075071545391861 0.01508928666048881 0.00789579998588259
0 0.2872457180216076 0.6800793755294038 0.013499504809323427 0.007023544724210673
0 0.2595522657983557 0.6805228439240791 0.013499504809323427 0.007023544724210673
0 0.580078125 0.835546875 0.02109375 0.01015625