0 0.13046875 0.34765625 0.10625 0.14375
0 0.20113984596731688 0.36182828381576043 0.038022063487172984 0.06894089754067209
0 0.19996122065496688 0.31533027327714097 0.02237283008391273 0.037613629488495094
0 0.18062320727036232 0.19937600820092838 0.02820843298834195 0.03218124092481371
0 0.26077264855707405 0.2153231950674077 0.0272379288391571 0.03998465056573401
0 0.2891200236573203 0.07368968609041726 0.015057237552445457 0.023514768052176827
0 0.30677483133331246 0.05912747678146184 0.01151784045687485 0.018027837334017516
0 0.876814813498784 0.15469022209657482 0.019922336307690004 0.02588578912941557
0 0.9457289116293286 0.06362433968121337 0.013672336307689825 0.025849427693097126
0 0.30323421961767066 0.6513220549911951 0.013553937137526973 0.024286927693097128
0 0.6764761764638256 0.5725246288597269 0.007197193361304244 0.012536361436318444