0 0.1326718861849378 0.38247989448340824 0.045912079734219444 0.07103524878218401
0 0.43481072987725966 0.49818869217021683 0.04887639342931003 0.09293752232113447
0 0.48327910703672805 0.5394829837695931 0.022815738741233105 0.0394170560063543
0 0.5103440511304893 0.6225108078363737 0.02075259099298634 0.03157728246740419
0 0.4579250609219259 0.36278016193492624 0.021834229641934398 0.036278419236879245
0 0.5227152965023982 0.4416377960668985 0.0062197216223697895 0.011814207386326103
0 0.11654623843669124 0.9451747633959758 0.027472960363602895 0.05120398985373029
0 0.06987029997231335 0.881998653411862 0.024228044416759076 0.03710057954530477
0 0.054199283624030016 0.834279060879266 0.021283517118863136 0.027684669236879244
0 0.190234375 0.991796875 0.01015625 0.01640625
0 0.1993744764073445 0.9800164805231824 0.006219721622369967 0.011814207386326103