0 0.009375 0.05234375 0.01875 0.015625
0 0.1380475242249286 0.048974556990585505 0.03608496547112487 0.015534164867109724
0 0.25 0.010546875 0.053125 0.02109375
0 0.35095189779993274 0.007472368913803829 0.024366215471124875 0.014783193244739845
0 0.07987135040765807 0.6047459477205599 0.07004470222957301 0.03404313540974542
0 0.08063082107456285 0.581939503396086 0.03674052933309504 0.024909164867109722
0 0.10164816141963691 0.5570501249261708 0.053201409654926125 0.02674177513842757
0 0.051874895454144185 0.5578854881275368 0.05002177933309504 0.025760266039129044
0 0.7684557440970915 0.6967081562338491 0.07956716770069772 0.04787509793281686
0 0.9521316215689307 0.6300051102759305 0.05414655062041866 0.029135589913252248
0 0.9187021265126093 0.5222822478451443 0.02878056386197052 0.011177331893687813