0 0.33685702736247725 0.15193260360021915 0.013851138059640888 0.026363446856846818
0 0.3945394708264708 0.3634394340388199 0.014714275214770822 0.027962334160399747
0 0.40264742056627156 0.4210154165657259 0.0069050972410380496 0.012791098428423454
0 0.3651673527238758 0.3334811833149488 0.010152927973732772 0.015280397642635179
0 0.3510296096212807 0.3028133801717957 0.005137879353213748 0.00881207382131759
0 0.34277005229433444 0.27970336590377204 0.008590427973732596 0.015207623035529316
0 0.9640330992751732 0.28816760628856086 0.009535452283992107 0.018369010339082337
0 0.9326204463468691 0.189386580957584 0.014509557326946343 0.024056084160399747
0 0.9178458771477066 0.06437802264488975 0.019852154567984216 0.03677440798171734
0 0.27617349389353485 0.5691992824672433 0.04821617198083885 0.07238657630251692
0 0.30549138031349565 0.657896832405326 0.0330891389641522 0.051419104838564246
0 0.3098419052453528 0.7857403693159848 0.012701395861557075 0.019295809553293887
0 0.3403676272034774 0.8974847942540676 0.034034163274411534 0.054580492142117264
0 0.3079579189265914 0.9365858356103963 0.012042976594251797 0.021603172249741044
0 0.26262885091485344 0.7366425706185018 0.014509557326946343 0.024056084160399747
0 0.7643899643813213 0.6141179263880794 0.024867203188503238 0.04324273180303493