0 0.41320119294019797 0.0991388775435876 0.0370889898209672 0.01817782825883114
0 0.8948389670773332 0.361095989029004 0.08530524676079736 0.06375394867214013
0 0.7682013699150962 0.36300418311445304 0.04560239666851231 0.029160780054229285
0 0.8464864574381675 0.3539581877502421 0.036507998920265905 0.02129828307929138
0 0.7802693757751923 0.296552481319055 0.13094841378737562 0.05699086426498887
0 0.6245194247416007 0.25919163017586627 0.03235142504614252 0.017369307181592398
0 0.6583984242017337 0.2484515850454244 0.03288235117201914 0.013467602361132158
0 0.7537761281653734 0.2529729255517978 0.032952202344038464 0.026744307181592396
0 0.6670567793835351 0.2230200534295661 0.02023215684754511 0.01105112948849527
0 0.2866812596437784 0.7026883309497126 0.11869873766149901 0.06082439139235198
0 0.0802693757751923 0.6211075746050009 0.04280806369509058 0.022115894515609823
0 0.011328125 0.591796875 0.02265625 0.02109375
0 0.014453125 0.57578125 0.02890625 0.021875
0 0.05343032194998028 0.5646442116070534 0.021794656847545113 0.01106021984757497
0 0.045171886184937816 0.5533683561717612 0.01856952729789594 0.00947953912941557
0 0.07160922424787622 0.5551669450674076 0.024969721622369788 0.011859650565734015
0 0.17227055830103222 0.5686385717272325 0.01793847162236979 0.01181874394987581
0 0.841695833979327 0.8822268817865933 0.010456638648948057 0.004746587334017604