0 0.570833389880953 0.2502651535156722 0.060405376310446714 0.06811993942018653
0 0.5972485464193438 0.35882459428657026 0.02216489666851231 0.030089318401734032
0 0.6256890742571068 0.35931356531208153 0.025509942165005663 0.04585082629424182
0 0.6200293595745673 0.3924522890037222 0.014582934145441229 0.02108604472421085
0 0.06266909584717757 0.901270793055857 0.03576632171465501 0.04800486049510884
0 0.07349777066260739 0.8334080943571575 0.042406347932816855 0.07874662628012423
0 0.13249623033407243 0.6305858377094805 0.03289164558877822 0.05172909997176518
0 0.15321974051310522 0.6138911613728864 0.015333905767811018 0.032804794724210676
0 0.1501540997046889 0.6510726429570349 0.014252267118863137 0.028071792093374803
0 0.16765533119693715 0.7419895574195736 0.01596496144333699 0.03050654735504672
0 0.11850868444998301 0.8920697337914614 0.020402137569213784 0.026873313140062294
0 0.1412248924234049 0.9003978087702853 0.024398025138427572 0.0527910710325699
0 0.14696030305001972 0.8380759666557344 0.0187092296419344 0.03689305524755433