0 0.06771091636537126 0.4495870194646926 0.018288697730414683 0.05438362311953817
0 0.06247280094160903 0.2995870194646926 0.03438741288402412 0.09075303213245363
0 0.04515136432745379 0.24026466950426376 0.022921634028083736 0.05295751543940615
0 0.11060273297810888 0.08781679367958742 0.023484629218760135 0.0467302474927175
0 0.5140625 0.3671875 0.028125 0.071875
0 0.5395499388719669 0.3419689161723049 0.01694445253973793 0.060588159012915456
0 0.5934958339314919 0.06160062882743071 0.009521332939624472 0.026812552586424766
0 0.6031845752198942 0.07031221918769459 0.007958832939624471 0.026767088479802047
0 0.6110355419135254 0.250344880081072 0.006795637023308565 0.015806856426490868
0 0.6201934985872055 0.6723091171156946 0.0327331436467305 0.06573030007914227
0 0.669413493187319 0.7045048458370473 0.03316965326537735 0.07823030007914226
0 0.7124653333409287 0.7392261809848906 0.02248512440943671 0.04045751543940614