0 0.144140625 0.4921875 0.01796875 0.034375
0 0.07446482001123833 0.36734244191526083 0.030751168019063257 0.06162848423243048
0 0.05896432528624409 0.22551796461668444 0.029969918019063256 0.06161030043684033
0 0.04238761566780447 0.2349017299092886 0.014539786931630872 0.027671058320624997
0 0.006640625 0.11796875 0.01328125 0.0296875
0 0.0085209275580727 0.09304055841434064 0.013045470779006862 0.031540940729444425
0 0.8454564969604028 0.2940770347629865 0.02494149878218401 0.04196994766329869
0 0.8616034456201463 0.15259837618581643 0.013717626623205349 0.025309124525034577
0 0.8884017248411394 0.18448480903147607 0.022584112012708955 0.04113414627652787
0 0.13508165320834342 0.5739080454965628 0.04715741801906326 0.062010343939826386
0 0.18535479403830363 0.8728553449834726 0.04625343709378669 0.054960910144236055
0 0.1679411974468703 0.7958564338893059 0.024078428165332965 0.037264263867708355
0 0.2245818224468703 0.797174759069601 0.02009035754848192 0.03248584488975688
0 0.2483417635994945 0.8016356148351045 0.015252853084255235 0.02378299211621524
0 0.24042303368851536 0.7627637180836115 0.020213088473758488 0.039517094889756875
0 0.26577472545004743 0.7879731583380908 0.0128545560063543 0.0206034407294446
0 0.26679264184590534 0.7520447502358858 0.015348310470581338 0.02925174211621524
0 0.278933244524771 0.7953135328631254 0.017019904626382677 0.035538109707395904
0 0.2531557459444579 0.6825586331196705 0.010469895697928954 0.018205139342673603
0 0.21894043303824465 0.627834112318108 0.013717626623205349 0.025309124525034754
0 0.5331089602289952 0.537524062689028 0.029697182629559827 0.04598530043684033