0 0.41575551192798715 0.18101774819047184 0.016849985300678938 0.03914579998588259
0 0.39040304811046295 0.28429851927245287 0.038138487109701205 0.0886753631259447
0 0.3780352631711826 0.42727882718613674 0.037278671980838854 0.07226911312594471
0 0.5765463873802428 0.4265997758495426 0.014096799525030157 0.031196792093374802
0 0.5909652128552125 0.3970638297816791 0.013643098145549181 0.037401289462538935
0 0.10509078923469355 0.6997418732610591 0.03246834124814413 0.06965234734092932
0 0.12628523716547208 0.710322692978211 0.023717460990419426 0.03643032366340595
0 0.1426438995353725 0.7400934929640937 0.025358526119281778 0.05288207629424182
0 0.15858760345904477 0.6950690547887378 0.024413501809022263 0.04971157366340595
0 0.5318148629006411 0.6456840693289225 0.0412634871097012 0.08885737364928845
0 0.5745656069077473 0.7034734535015547 0.045214002713533576 0.07506788943430394
0 0.549609375 0.976953125 0.03515625 0.04609375
0 0.571875 0.99609375 0.0171875 0.0078125