0 0.66640625 0.2359437924907879 0.02890625 0.01334108597251955
0 0.060546875 0.8184588038068125 0.065625 0.034721992478152684
0 0.333984375 0.831640625 0.07109375 0.04140625
0 0.27265625 0.7621305562808415 0.0234375 0.00849446159934022
0 0.180859375 0.7567251650167589 0.015625 0.005923391066226813
0 0.2171875 0.7437197054957363 0.0125 0.0042699628529813795
0 0.252734375 0.7412383889214023 0.0203125 0.005278533386094786
0 0.2640625 0.7345367536944167 0.0203125 0.006841033386094786
0 0.71796875 0.8243601201500372 0.02265625 0.011596729546028861
0 0.77890625 0.8273050953083219 0.05703125 0.022753189891727744
0 0.76875 0.7949783286152744 0.015625 0.005923391066226813
0 0.752734375 0.7827935715223919 0.02109375 0.009988765439406144
0 0.76796875 0.7582368465619631 0.009375 0.005741534639736123