0 0.22312206364830614 0.2878607662304068 0.009068997402109957 0.018105117694751628
0 0.17646077706418123 0.4853348969124497 0.014958364482389009 0.035374438311602675
0 0.9399225255131347 0.27218121915250604 0.020153962873234656 0.03156364569792895
0 0.9564898075701705 0.2310136126183216 0.01230325804577177 0.019722164772652383
0 0.9890625 0.178515625 0.021875 0.04140625
0 0.9889684438440863 0.04619828185520074 0.01330302933309504 0.022860801542127617
0 0.9727425103039467 0.0545192964656974 0.012631039976756853 0.024409664772652384
0 0.3442268853039467 0.6803170474799949 0.011631268689433405 0.02127102800317715
0 0.3169841832004245 0.6728016921636263 0.006452095792955604 0.014157957386326104
0 0.62421875 0.984765625 0.0296875 0.03046875
0 0.6661809718782363 0.6529031365626613 0.05948389666547591 0.11418127678536116
0 0.63125 0.676953125 0.04375 0.09140625
0 0.613671875 0.8984375 0.00859375 0.06875