0 0.04296875 0.11570334821134357 0.01015625 0.02439602800317715
0 0.04921875 0.1712811923671449 0.01484375 0.052602848620028196
0 0.030078125 0.18540021651500319 0.02265625 0.06602046631477983
0 0.098828125 0.029959627228818154 0.0046875 0.017269320616851047
0 0.434375 0.5033581939903502 0.015625 0.04011648538950343
0 0.433203125 0.5513846138361375 0.01015625 0.030646028003177152
0 0.4125 0.8662576144450455 0.01953125 0.03315341923687924
0 0.462109375 0.8667329243067188 0.0125 0.027561938311602675
0 0.476171875 0.6583846361572718 0.00703125 0.02512273092527657
0 0.512109375 0.6519806775531297 0.0046875 0.015706820616851046
0 0.8109375 0.8266096205324779 0.01171875 0.030673301542127617
0 0.85546875 0.9055119163925625 0.01796875 0.046407395697928955
0 0.869140625 0.7620005598583781 0.01015625 0.02752102800317724