0 0.2675968047734136 0.2921540779410421 0.04765093281352506 0.07811756551642937
0 0.29753631416495374 0.24860497458299752 0.04509893577927464 0.09207093811176784
0 0.28440029144613127 0.1581746647829408 0.027005510380123353 0.05009176923729371
0 0.3531157993547966 0.1230209039831676 0.008672004448624194 0.021366568511654194
0 0.15726877637023778 0.7275781846107977 0.018460839923887917 0.03185020072563951
0 0.8053587316740302 0.784925648540872 0.04957818874502422 0.10626984736759475
0 0.8029479740311011 0.6232837822524695 0.026096926387734597 0.04693948738612832
0 0.8580950832137704 0.7003162801642939 0.01036183844101295 0.02454613221398514
0 0.866103254145707 0.8781920262620198 0.02319476087441501 0.05229910998146643
0 0.9018696577960285 0.9412475869691257 0.013677839429596262 0.029342759618646852
0 0.8693595760279518 0.9326798742201777 0.010107170456235437 0.01829613221398514