0 0.383984375 0.012890625 0.01953125 0.02578125
0 0.38034197337066206 0.05852411380718188 0.02087906603337366 0.041607645861557074
0 0.8964195112485889 0.40190562160909804 0.02174220318850324 0.043211089439121865
0 0.9016149864303031 0.060072786070934116 0.02198786465389251 0.04789858943912186
0 0.8990294366223595 0.13032220969145314 0.019149469696846565 0.05320356512886235
0 0.8557364600281078 0.11143941287995647 0.015331750904511133 0.024955734396167807
0 0.8435557035829584 0.15555624406490667 0.006946040818602839 0.013608798620519025
0 0.8394159588406833 0.1886758208966432 0.008836089439121864 0.019940685775648604
0 0.8443037754398837 0.027823530078040372 0.005506371551297562 0.01587066146538927
0 0.837086618327708 0.03211874406490667 0.007972952283992108 0.018337242198083813
0 0.408984375 0.582421875 0.02578125 0.02578125
0 0.6705691646869492 0.7623434936126511 0.00813672659425162 0.021462242198083903