0 0.21245367096253115 0.14342429781386326 0.010426360271317847 0.016952281570031147
0 0.21042020281007634 0.13264605702178897 0.004607156847545113 0.011165013154179703
0 0.8209909126338122 0.1174281861092172 0.018659164867109723 0.03611180524755442
0 0.8101967076688801 0.2737236887400531 0.010626619370616552 0.020077281570031146
0 0.4470854383905487 0.8854193229126853 0.0202717296419344 0.036984060509226244
0 0.4136017111387953 0.8795861873540479 0.02253513648947969 0.048012565770898165
0 0.4230377236295674 0.6716105755082277 0.013951878469915257 0.023384292093374802
0 0.44765625 0.535546875 0.03125 0.05234375
0 0.465098265346991 0.5800415781743571 0.0226154796419344 0.037120568401734035
0 0.43193995913159783 0.5691303176157199 0.012189119370616553 0.02016828683170293
0 0.60078125 0.96875 0.021875 0.046875
0 0.592578125 0.5765625 0.00546875 0.04375