0 0.50625 0.318359375 0.00625 0.01796875
0 0.4846195375592816 0.21600604449058824 0.012919665033009231 0.023357156847545114
0 0.4324333837655782 0.09457757903746886 0.017138273327083196 0.036057415946843904
0 0.610546875 0.034765625 0.04296875 0.06953125
0 0.6312994021916891 0.12808169146825507 0.029306082657916475 0.05082082279438911
0 0.6938273794302537 0.24784228138150732 0.011728311922731294 0.018619592072720615
0 0.7252567548544896 0.36289093768918546 0.0303607347314351 0.05399588756921379
0 0.7735865938507395 0.38696354179125275 0.01122046399624992 0.02169452729789594
0 0.7092822116639343 0.18474090530177315 0.012919665033009231 0.02335715684754529
0 0.4078125 0.45078125 0.0359375 0.0421875
0 0.4653315868053463 0.5332436092654129 0.014247719180046303 0.02965722162236979
0 0.4895257234688879 0.552273612735328 0.011493866069768544 0.024819527297895938
0 0.8226875911406708 0.5716867431339988 0.033895837841712864 0.05888364666851249
0 0.898046875 0.9875 0.03984375 0.025
0 0.9171875 0.976953125 0.025 0.04609375
0 0.8567109223612264 0.5831894960640469 0.01924757747412027 0.04240754549649317
0 0.8853334998353466 0.6261978188584361 0.01819292540060182 0.039232480721668496
0 0.9069928235630318 0.7006115819675169 0.014111018143286991 0.028094721622369968
0 0.9181890284876382 0.7087093314276498 0.012548518143286991 0.027994592072720613
0 0.9668735459006239 0.8877902093576979 0.009247860885972159 0.016906897748246764