0 0.3022028679640936 0.3258187873120999 0.0046342920933748035 0.012704717887824301
0 0.820561306421798 0.12451411550060323 0.02726742626600682 0.053613000904511134
0 0.7714005535086134 0.4171276614075888 0.023960415742663343 0.05032422659425162
0 0.7118793102621712 0.230974937809784 0.014668715728545934 0.0646357100859083
0 0.603125 0.558984375 0.0375 0.03828125
0 0.5743782167263215 0.5964416861701038 0.019144113125944707 0.03449450870642732
0 0.554004803543907 0.6210765159982874 0.01303832629424182 0.02327040366347326
0 0.5197127390178397 0.6741893492751733 0.012613392065139806 0.042719766508343325
0 0.514044745383168 0.8978160784136163 0.0095948078783902 0.01763787935321375
0 0.48848054415951336 0.7998970171857118 0.0043612763083592295 0.008017217887824302
0 0.49373573350911276 0.9302429364530174 0.0063788026167184595 0.015911605042954236
0 0.7474751760189517 0.6980982400483476 0.025067889434303936 0.04259361374938138
0 0.7478430497035339 0.6977280868371301 0.023505389434303935 0.04251172659425162