0 0.2943470727602079 0.8378292149042185 0.08819098423243066 0.03172408510611113
0 0.3196026257140447 0.7759464841387149 0.035538109707395814 0.01722452080156245
0 0.987890625 0.63984375 0.02421875 0.03125
0 0.9180758400948432 0.6154778435617704 0.062300631458888846 0.026436519851631958
0 0.8429852477220828 0.6043419548362323 0.09769327080156245 0.03741104065319441
0 0.9118352585978293 0.5984449058242877 0.040243793502986236 0.018114873575104086
0 0.9427222358964059 0.5797669877962669 0.05743129350298606 0.01851491707809032
0 0.8524427280126211 0.5670325580847392 0.029905705547083272 0.010065984232430481
0 0.8073299231589232 0.5762812513311802 0.033030705547083275 0.010138719414791808
0 0.7113274187420655 0.5578238250865796 0.03074150693385418 0.012427918028020813
0 0.5637166282310412 0.5593074374531423 0.014207970364722211 0.006577308320624908
0 0.5853916064795481 0.5673920411766143 0.02045797036472221 0.006722778685347208