0 0.1463104429760529 0.06311268023512104 0.01810116355483622 0.05354561708027905
0 0.09750345758490182 0.28442513351153753 0.029379582791715642 0.07384169158591121
0 0.09042270454200949 0.14698797658055227 0.014676154626382675 0.0361395957929556
0 0.061265061481583415 0.19761908419006388 0.008180692775829713 0.021640053218308707
0 0.04846573700776595 0.40311247243161574 0.010606263392680759 0.026491444183801248
0 0.06939584577406385 0.39521249112104906 0.007317622158978665 0.0168979228964778
0 0.06743985652924156 0.3502086706383028 0.013222748782184013 0.04228033514929397
0 0.8530056150539537 0.3790927773270217 0.056664831573899656 0.11710537252816078
0 0.7953499379029181 0.38403450851153753 0.020967064934808023 0.0389203883676025
0 0.8442259943163094 0.23373385975237473 0.020417640015886106 0.05214700804577168
0 0.14072775750547156 0.7849714367298462 0.018128437093786687 0.05510811708027905
0 0.12683571712391117 0.7937537159368906 0.01723809293798535 0.048803486758448145
0 0.069921875 0.994921875 0.00859375 0.01015625
0 0.05905570210637752 0.9786261066502815 0.006495461850553141 0.014499542574646895
0 0.8949705671619788 0.8158608038101253 0.01877331939903506 0.047350247402109955