0 0.37728906676113816 0.6297308351282777 0.028425284780976768 0.061708258019564255
0 0.3504784173717216 0.4965731276947228 0.02622364641337427 0.04134569324473993
0 0.32014088933757145 0.463130170801035 0.019957220919006424 0.051832610271317844
0 0.3213024206383028 0.2851000543604666 0.04142231151618194 0.10298410009228505
0 0.2860829635911021 0.39872770935769797 0.018957449631682978 0.04865754549649317
0 0.26912006667352467 0.2117586354835746 0.02381419443590289 0.0847452398209672
0 0.23227812546576576 0.2910613552556306 0.006561356436617416 0.015975453423772556
0 0.225804068350622 0.309701332507384 0.006561356436617416 0.015975453423772733
0 0.5335135714911525 0.7366403728359191 0.029894949631682977 0.04935845234403846
0 0.5016810124083726 0.9543145789590272 0.020175742206329873 0.05495761027131785
0 0.742578125 0.717578125 0.01484375 0.01640625
0 0.7146696444073009 0.9364634928248444 0.01915954542463858 0.06266998072166849