0 0.31335105467121327 0.32294278537738935 0.06418200870642714 0.017555659542724554
0 0.41679529822606387 0.2789948096269841 0.021626016508343327 0.010278969847574971
0 0.4512012757248267 0.7591863036750558 0.0358932343961678 0.014267033079291381
0 0.47825509865560517 0.7496567675707023 0.019981629353213747 0.008707379488495093
0 0.5036235908536891 0.7424800718254284 0.03013787935321375 0.008766466822512697
0 0.4065438729658647 0.7469499240883647 0.009579717887824302 0.003960792154477666
0 0.36897913557325007 0.7335007628858153 0.025409435775648782 0.007957945745273953
0 0.4531339289360442 0.7595655657262063 0.035234815128862354 0.01660623789975162
0 0.4802082236556052 0.7496454046218528 0.026354460085908294 0.011087490924813714
0 0.502883284431254 0.7417033670049682 0.025409435775648602 0.007957945745273776
0 0.40656434475464714 0.7465592990883647 0.012046298620519025 0.006318177693097127
0 0.36819788557325006 0.7335053080653552 0.021462242198083813 0.00715396984757497