0 0.8660678231906657 0.3351652583241062 0.01982214149054773 0.05125161937061655
0 0.810133973609106 0.21005118714931842 0.02772554508134384 0.06737726711886297
0 0.7580530627011441 0.3630219443983032 0.01502101200205246 0.031419980721668496
0 0.7984498333365015 0.06901577575212378 0.006331813231716587 0.014463018198597234
0 0.7813802475641131 0.1148143830933936 0.006368174668035032 0.02071301819859741
0 0.31222624746591715 0.4777625709394626 0.023682939695149584 0.04368944324473985
0 0.2257602044371816 0.8989431076458116 0.03383464451560982 0.04355903531746037
0 0.1688494016949865 0.8745852540836114 0.011886921642972937 0.029657221622369966
0 0.21575699927303588 0.670482793410854 0.00793521984757497 0.021594397748246584
0 0.1882405324505232 0.6984180262919909 0.00793521984757497 0.021594397748246584
0 0.1848019150622763 0.7521240171926923 0.006331813231716587 0.01446301819859741
0 0.312228520055687 0.47737194593946264 0.022120439695149586 0.04358931369509049
0 0.6329288515850701 0.9312141895394994 0.009497719847574793 0.02169452729789594
0 0.5885268787615312 0.9733074047619061 0.011132942720211859 0.03429465684754511