0 0.25719782397199253 0.3484919707804356 0.033713071785542684 0.05329771682251279
0 0.2997139815407717 0.19270733080241884 0.030658926764564675 0.04390908128389333
0 0.23380019523540393 0.26148031714054143 0.022254430913749523 0.03605112948849527
0 0.2093931137015989 0.3210234887835144 0.01318708423309758 0.029751132513557366
0 0.1853878512540442 0.34461097970832805 0.015708432988342125 0.03210851805217674
0 0.8935753383938934 0.20254593911547936 0.006415943361304244 0.012531816256778683
0 0.3428977723192852 0.711491680089391 0.028078378424238614 0.040770445745273776
0 0.25956320883211215 0.6431961980433718 0.013909134648015886 0.028974427693097125
0 0.272636337668947 0.5887993290934961 0.010073739627037882 0.019581246974937905
0 0.29196667812582183 0.6066635399640805 0.00971854211654879 0.014893746974937904
0 0.6114037623589192 0.9287567085819912 0.014275987552445458 0.023510222872636887