0 0.134375 0.43203125 0.0234375 0.0359375
0 0.11520561265426199 0.08884821491091319 0.011069310206654493 0.02278351933481808
0 0.8729239660860438 0.22428118290502716 0.033130662567786476 0.05506930800445424
0 0.8749313728000979 0.16644141090470893 0.02683975595192827 0.04796533267027261
0 0.294690663098359 0.9258493229233217 0.033167024004105095 0.061319308004454245
0 0.26414360328448805 0.6441544275939124 0.01504828307929138 0.035328972668681756
0 0.2915822811739769 0.5258584135900944 0.011069310206654493 0.02278351933481808
0 0.2551385145361353 0.5735512999284124 0.011069310206654493 0.02278351933481808
0 0.24095128253921416 0.6194226022637077 0.012668171642972936 0.02905170066836362
0 0.22539673282208117 0.6317137905991622 0.008743740924813715 0.025881247334499945
0 0.19519212411623724 0.811764917270071 0.012754530054229284 0.043895450668363624