0 0.982421875 0.249609375 0.03515625 0.04765625
0 0.983984375 0.2203125 0.03203125 0.021875
0 0.9255504264304186 0.18617824336471153 0.0451017489202659 0.023897377390180986
0 0.8729615985465129 0.16685834322628387 0.08358325801956461 0.029475551356589236
0 0.5893131365633087 0.12961930212716907 0.04343911937061655 0.02223474784053181
0 0.6203483370570333 0.10398764766980477 0.03068879549649317 0.01752746144333699
0 0.576171875 0.080859375 0.03359375 0.01640625
0 0.6575584403885208 0.07758463641103788 0.016856832973421908 0.008082610271317847
0 0.4824296857604298 0.6981129904346635 0.056239508019564434 0.027723284237726277
0 0.7481269320598021 0.6078840044712075 0.05409601711886314 0.030698089913252246
0 0.7372598820136596 0.5900706947858992 0.03504562846991517 0.02480903531746037