0 0.35480868289615486 0.3595076778785936 0.040535108767505615 0.017629896413374268
0 0.2716697741905665 0.37511874731449646 0.08472175641014079 0.030064194435902893
0 0.288482688789567 0.34063180975147106 0.05161815798171734 0.021519720919006426
0 0.48132192917435584 0.2907007346155851 0.03264983416039975 0.01552109319506556
0 0.4425226986119206 0.2906705605462131 0.023801373035529316 0.009451409654926125
0 0.8588476735905299 0.28970364024762524 0.06206550641014079 0.028479915102807674
0 0.8876490118870135 0.2097021068916442 0.02309289764263518 0.01095927933309504
0 0.9022005864322022 0.18556262545502697 0.027853172249740866 0.012849561264080479
0 0.8491108967093671 0.17320723201769503 0.019113873035529316 0.009123627723940864
0 0.8602463728261324 0.14303627186840115 0.015916098428423453 0.007342606436617416
0 0.1938561624251328 0.7396348973726042 0.024873721463952593 0.015756039976756852
0 0.29471551426576903 0.6753651297300143 0.025327485731976296 0.008779420298587758
0 0.981640625 0.70078125 0.03671875 0.0328125