0 0.19260183927436633 0.16005563896142405 0.009602266669318026 0.019749455547083274
0 0.20586490794082088 0.16192726348645872 0.008839198002863568 0.021293771751493117
0 0.21216490660807086 0.15777585885118092 0.0056051100015908515 0.011846036569131968
0 0.08203125 0.333203125 0.0328125 0.05234375
0 0.6724396089473433 0.11966735490928859 0.01210964867122719 0.03386650693385418
0 0.06948377389007324 0.970602513961424 0.020757942671863462 0.038754028685347205
0 0.14899646892904866 0.6852660590314761 0.011155676002545434 0.019004573138263935
0 0.19357826493875283 0.6147999765845317 0.008839198002863568 0.02129377175149294
0 0.4718850782742073 0.6346370850576566 0.016788058004454244 0.033194359707395905
0 0.4967987169398664 0.6426408415165454 0.014453398671227014 0.033921058320624906
0 0.5097529766072755 0.6374721241437851 0.008003404002227299 0.016588087955902785