0 0.14849195843602897 0.3046774217257927 0.020077281570031146 0.009602266669318026
0 0.15082800316023973 0.29141435305933816 0.02154877630835923 0.00805794800286357
0 0.1465045242069271 0.2851098090587018 0.011210515785015574 0.004814769334818081
0 0.3322611072194331 0.4111833287515642 0.07760135523343692 0.03213179467695397
0 0.9077458610950998 0.3289619957630183 0.02898954998588259 0.015171014003817974
0 0.6343569873399305 0.25112088872531546 0.03436729472421085 0.01367214867122719
0 0.3192671900201775 0.7051774083982925 0.05011339206513998 0.042742030673136
0 0.8149394939170204 0.952558582431541 0.03050654735504672 0.014407945337363514
0 0.6037667754870515 0.9407200117361331 0.021639781570031148 0.009620448002863569
0 0.6407963386271136 0.9223881824076784 0.021639781570031148 0.009620448002863569
0 0.6928936767954108 0.9339393024148371 0.015253273677523183 0.007203972668681757