0 0.5407328165703287 0.19588525469392754 0.01760665145127884 0.035234815128862354
0 0.5479624740120574 0.23449737534071388 0.01334573738612832 0.024873847241038048
0 0.5638069568629392 0.3167178544791569 0.03803820253973793 0.062039654567984215
0 0.8559585124866448 0.08997609141951601 0.029335325135076216 0.05846427521477064
0 0.8680430782771513 0.1458797320233482 0.018387901451278842 0.03527575870642732
0 0.9011234183883519 0.27047694030023417 0.07235120435383635 0.10672803482570892
0 0.46567451906765767 0.9221716553609538 0.029952884028083736 0.053817718792335614
0 0.4421875 0.9953125 0.0203125 0.009375
0 0.4182762020536158 0.9507796732260638 0.011192960344286362 0.030219766508343328
0 0.3941355803653268 0.9274804927081399 0.012837305897782514 0.03264540366347326
0 0.35632930667760476 0.737236151629338 0.005905259618646852 0.012786605042954235
0 0.7563107039101233 0.6975622803609538 0.0505307680561673 0.10714411465389269
0 0.71206221266413 0.5466465725363234 0.026609629218760134 0.04740394448207601
0 0.6819307520033575 0.6390747509623116 0.01100198738612832 0.024751016508343417
0 0.7247841515981289 0.807609527364507 0.023675602176918175 0.05270892017181659
0 0.709020253142075 0.8793993181831098 0.0142906784931208 0.029602290818602838
0 0.7374093925700451 0.8591958211795567 0.010002482576804894 0.01846007293077854