0 0.3097048713783902 0.1817378968533009 0.009357883374611475 0.016456246974937905
0 0.7298761302697304 0.15080605942108746 0.04855097001621082 0.06979487041330898
0 0.7005086347154006 0.18265777482926512 0.026292826302517013 0.044672150565734016
0 0.6806253010717294 0.21690778239192027 0.023512428659881835 0.03528351502711473
0 0.711412920592602 0.08977765583029136 0.025111315963434678 0.03607385538619425
0 0.6966943721022613 0.05884101277811462 0.01675300641014079 0.02430965359079611
0 0.6734375 0.008203125 0.0203125 0.01640625
0 0.26668040549826344 0.6055597249648383 0.09594400847705523 0.21534371974937888
0 0.2578125 0.5015625 0.0484375 0.084375
0 0.1962876496048512 0.6285813410369459 0.03445208271265763 0.06893180718159223
0 0.1968901941662505 0.6750566256778662 0.02127784057054054 0.037613629488495094
0 0.21477551509208395 0.7907543485505031 0.02727312944567011 0.03218124092481371
0 0.13517790632457824 0.7754515354169824 0.025293252481199246 0.03998010538619425
0 0.10506345191943485 0.9170347869786115 0.01359161910658777 0.023510222872636887
0 0.08702300433871697 0.9321600776696559 0.01099315798171734 0.018027837334017603