0 0.07857689970729513 0.2682995777187539 0.012628432588823202 0.019599427693097127
0 0.11072910100981206 0.3130058171310367 0.01099315798171734 0.018027837334017603
0 0.17849766294186153 0.1665648817770883 0.005941784946188022 0.010188066256778682
0 0.7371834003287223 0.21088049618937105 0.007868157981717338 0.018009656615858204
0 0.7163476504311662 0.4091430067770883 0.011793678659881835 0.035215337334017605
0 0.06127921866865789 0.8278132056947181 0.018007291356328815 0.034470448770336046
0 0.10527315952964873 0.6656131875443455 0.015699928659881835 0.03523806323171659
0 0.10929928380577766 0.6933634706727348 0.009503432588823201 0.019581246974937905
0 0.11129950847480075 0.7195398908522747 0.009976467535011224 0.029737496974937903
0 0.12639150744134345 0.6243410203407699 0.0043428976426351795 0.009397725897698984
0 0.14748310338856746 0.5908790805474243 0.008976893713693812 0.025045451795397966
0 0.0617329829366815 0.820786500874258 0.021568938998963994 0.04386362948849509
0 0.1045646841367546 0.6671711423648057 0.018007291356328992 0.034470448770336046
0 0.10899962706465996 0.6953143230829649 0.012138281017246655 0.025844882513557366
0 0.11204437117124791 0.7187631860318145 0.008976893713693812 0.025045451795397966
0 0.12680032609311995 0.6247339179305398 0.006795809553293885 0.011755111436318444
0 0.14744671608501464 0.5900978305474244 0.008013707195929065 0.021134656615858206
0 0.6728886909611801 0.6568234739432866 0.04489943114108117 0.07524089451560982
0 0.7361977699520388 0.6661737358962412 0.02956337551672874 0.04781533128389341
0 0.7621160108535563 0.677649579231285 0.016262854838564246 0.03055510841125635