0 0.2811996607803685 0.23141847046880662 0.017552255931498985 0.02917636027131785
0 0.2984886257042564 0.19914214258490107 0.019864172433401883 0.028545304595791875
0 0.33142978899326375 0.21300498226744063 0.007763420456235437 0.01841933297342191
0 0.8534898603626268 0.22872426704503396 0.03952009783255317 0.07110304441675908
0 0.8704552079294435 0.3573755459625311 0.046311267300205475 0.08478481261535631
0 0.8745610471304845 0.13231034199889144 0.03382851334587293 0.06528384099298634
0 0.882352313194961 0.055838078349943476 0.04935535425834381 0.10212250693983034
0 0.8913174656095537 0.1226652317275736 0.022749091901054185 0.041976748920265906
0 0.9112492929290059 0.14982910780730768 0.025011928859192522 0.05926437846991526
0 0.9204584789554264 0.05768177938353514 0.01374150642579064 0.031269786397194466
0 0.908984375 0.015625 0.01328125 0.03125
0 0.7457429690881853 0.6674205756506081 0.010234504448624282 0.02169452729789594