0 0.04963657470319678 0.3568633387062433 0.040684087334017606 0.013234628424238615
0 0.6605041453011767 0.22797901557105432 0.015674996974937905 0.009777741701630305
0 0.6495734630704865 0.22597834637991313 0.010960225897698983 0.004735044191141213
0 0.45056807606843396 0.24138080197666828 0.010973861436318445 0.007078794191141213
0 0.019140625 0.970703125 0.03828125 0.03359375
0 0.323046875 0.934375 0.05390625 0.0453125
0 0.3125 0.905078125 0.075 0.03359375
0 0.10100843760294831 0.9269174055057977 0.0665380602066545 0.02768821473192844
0 0.10153996316868233 0.9027282552983383 0.036791472872636885 0.015282380498831039
0 0.5403572839139563 0.7513263322703623 0.023492042154477664 0.01115098755244528
0 0.6472862673743106 0.7770148004265295 0.027411927693097127 0.013790735477852856