0 0.00703125 0.0953125 0.0140625 0.0390625
0 0.894140625 0.3421875 0.06640625 0.034375
0 0.9453125 0.33359375 0.03125 0.0515625
0 0.9611253427145419 0.31799889577703117 0.029421460466873838 0.06460450500096986
0 0.9480596834430877 0.25256527888245994 0.01670935786427279 0.03324293469752817
0 0.8484375 0.019921875 0.0421875 0.03984375
0 0.9631302175733676 0.1690193263070844 0.007160052616718459 0.01613518303053816
0 0.9872243821064937 0.23378326350509743 0.006151289462538756 0.012165160151720932
0 0.18959749516185118 0.6660541453179892 0.023922618387616622 0.036941890606883375
0 0.2401172872905196 0.6949044167593376 0.013774073663405773 0.022895366061076318
0 0.2710155531814159 0.8045742535031577 0.009549305247554329 0.017107751666990013
0 0.9241286307557821 0.7511785088785806 0.021578868387616624 0.0367505719704317
0 0.9927085426580721 0.8203587501691778 0.00876805524755433 0.01704397878817261