0 0.2992744722563887 0.6104779087024718 0.044705848642947285 0.07208455351605769
0 0.278515625 0.49765625 0.05234375 0.05625
0 0.2804728828321075 0.706957037712254 0.03885468639013112 0.06626535009228504
0 0.2743378612926824 0.7835696024870786 0.05693805087252031 0.10242289558877822
0 0.263801693970137 0.7173583655961595 0.025551657057036083 0.042858128469915255
0 0.24305750523421743 0.6914664940660746 0.029823893815484226 0.05946463756921379
0 0.23624781741909046 0.7832884014534871 0.016193082551403747 0.03136991594684382
0 0.24845020955747738 0.8256715133444061 0.017192853838727373 0.03454498072166849
0 0.236098039006788 0.9244594667681788 0.018591462873234654 0.032301360271317844
0 0.8872065249704942 0.7966483413067534 0.03903500284999169 0.05772166486710972
0 0.8886326311550101 0.8541103878829809 0.03229332995351371 0.050289896668512316