0 0.4122783146273651 0.30023319134124204 0.018460494985435005 0.04515300333397985
0 0.56875 0.00859375 0.0171875 0.0171875
0 0.5633047797897733 0.1709997668751746 0.015085442399010418 0.03630416181871077
0 0.5531568899771878 0.14520254142098182 0.009162051332783605 0.020232751666990012
0 0.5453982142712249 0.12077649733033721 0.00945756802583091 0.030389001666989924
0 0.5521232388818311 0.2173326329362509 0.004179034639736123 0.009693864394086305
0 0.5395652344940868 0.2567299083155531 0.008539925705962936 0.02563772878817261
0 0.569921875 0.014453125 0.02109375 0.02890625
0 0.563638574656495 0.16901475543576594 0.017406460345699058 0.03571423045516262
0 0.5531000598439094 0.14324941642098182 0.011687657759274295 0.02667407030344169
0 0.5446396963245362 0.12162152020915448 0.008539925705962759 0.0256377287881727
0 0.551732613881831 0.21736451937565954 0.006590980799670021 0.012228933030538158
0 0.5395879665473982 0.25751115831555305 0.007645015439406144 0.021667705909355385
0 0.22575161282604556 0.5977615732387228 0.01177858597251955 0.029799070303441866
0 0.8260656814786971 0.7019392125530693 0.010770015439406321 0.02192279742462446
0 0.8779297098502271 0.7619202483087643 0.022761550079142268 0.03225439060688355