0 0.10646324992045822 0.4851421589464085 0.005614200668363623 0.012659124373179509
0 0.1133399585853219 0.49862799742621056 0.005596019334818081 0.01109662437317933
0 0.562109375 0.505859375 0.03828125 0.04765625
0 0.6488037563057059 0.18967772050617757 0.011192038669636162 0.02219324874635884
0 0.6705961192910701 0.29816081607886213 0.014099410009545111 0.07069894490629273
0 0.6918390442791389 0.3866993045982353 0.005705107336090798 0.020471624373179332
0 0.21279643427754796 0.5989743325740537 0.013635786004136109 0.030855194906292738
0 0.23137343793763918 0.6479687678801817 0.00726760733609062 0.020517088479802048
0 0.2240606509389119 0.6383778133737239 0.009774989337999784 0.034647784639735946
0 0.20766349160568467 0.6371191902541857 0.00877556333545435 0.015875052586424764
0 0.7606061309277761 0.8592836952687508 0.019359074673772448 0.05288931927947225