0 0.17801276258519697 0.3941389269442217 0.017828428165332966 0.03701875892845372
0 0.14778709192533554 0.04389544216362631 0.008975579545304768 0.02202500446422686
0 0.8750047650208289 0.40330937540209416 0.009057400162155815 0.02671250446422686
0 0.9111543194023304 0.16793098295057618 0.021062522321134303 0.0433233060063543
0 0.843110567170217 0.17104145900623635 0.005768758928453721 0.017282957386326105
0 0.8523764730144154 0.17745510023993843 0.007331258928453721 0.01731023092527657
0 0.8181835923323726 0.1440357639982933 0.008921032467404189 0.01890000446422686
0 0.5342414202561196 0.9638278869680509 0.006550008928453721 0.017296594155801336
0 0.47532611627836 0.8916841057184627 0.009030126623205348 0.025150004464226862
0 0.4476238561320903 0.8669744320173566 0.004851141233702094 0.009456820616851047
0 0.8748290586471527 0.5788159129426331 0.013100017856907443 0.03459318831160267
0 0.8099232587298781 0.8050959949235699 0.015921054788538315 0.0619778486200282