0 0.4416838984194477 0.36278673311646215 0.028840548022528622 0.04540213756921378
0 0.7375 0.49140625 0.05 0.0359375
0 0.727734375 0.490234375 0.02265625 0.03828125
0 0.7284353174190905 0.4243744764073446 0.024934298022528622 0.04515181369509058
0 0.7353298096254204 0.3702679673080459 0.031517433792241076 0.08368338756921379
0 0.8374623411398158 0.09423294378921951 0.02326253737886681 0.04348918414544119
0 0.7985146376112979 0.11733917798080322 0.01848220222957302 0.03073886027131789
0 0.7991400274038962 0.06946752969268952 0.01808336448238901 0.036157545496493214
0 0.7560595218299639 0.14611442127168556 0.008959736758448144 0.016906897748246587
0 0.371484375 0.515234375 0.00859375 0.01171875
0 0.65 0.518359375 0.0203125 0.01796875