0 0.07081301911004126 0.45546875 0.017841075304411546 0.03671875
0 0.05927006357513882 0.333203125 0.010969321970431522 0.01953125
0 0.0407751550904079 0.336328125 0.008896638939893542 0.01328125
0 0.834103030464861 0.1765625 0.04191630409258416 0.04453125
0 0.77381124698013 0.1796875 0.017267119395056162 0.0296875
0 0.7742649357002008 0.391015625 0.011878117728066328 0.02109375
0 0.753721371835198 0.3546875 0.011878117728066328 0.02109375
0 0.762339213954441 0.30234375 0.00902418469752817 0.01484375
0 0.487109375 0.876171875 0.00546875 0.01796875
0 0.9574204566825072 0.559375 0.00902418469752817 0.01484375
0 0.9409743969849792 0.54453125 0.01058668469752817 0.01484375