0 0.13146584746818063 0.031137080601548472 0.009740170171816586 0.021974997334499945
0 0.5878110227283798 0.4544109485996394 0.011176517412854636 0.03448408800127254
0 0.0125 0.974609375 0.025 0.05078125
0 0.05610458107340861 0.758903272935253 0.019685058231457477 0.04785624466899989
0 0.06778903154837837 0.7892174816001167 0.012452412369900401 0.02903351933481808
0 0.07363623982526431 0.8266265749323894 0.012370525214770823 0.027471019334818082
0 0.07178269137408747 0.7204629362667303 0.012988000904511132 0.02435511000159085
0 0.08433912370103372 0.6968936215985259 0.00612384724103805 0.01256363466740904
0 0.10848649225588432 0.6532797079288896 0.009695904567984215 0.03602840666772735
0 0.6380428564575213 0.7177197442711847 0.011343613749381375 0.022774428668045486
0 0.6388241064575213 0.717710653604412 0.009740170171816586 0.021974997334499945