0 0.192753755822792 0.19754183279501092 0.025828794191141213 0.011373876623205348
0 0.1345744029183626 0.20403334050564864 0.028953794191141212 0.011428423701106106
0 0.10282703414213987 0.1928532428999179 0.02721369543589667 0.009057400162155815
0 0.06816186391370253 0.1844620673720878 0.016039397095570607 0.005741485389503431
0 0.11443275136125716 0.16018590604936483 0.020786096680652122 0.006604556006354301
0 0.154737981340279 0.15009497565191837 0.014417697510489092 0.004932961850553141
0 0.03704774617477602 0.17131520799688182 0.031901195435896666 0.009139220779006862
0 0.73203125 0.474609375 0.1046875 0.03046875
0 0.8263139235640405 0.33702025426400367 0.05389551722143952 0.06257786647693564
0 0.14830011111416383 0.6589467343768536 0.05941088879720082 0.02210287094116268
0 0.2201450500139332 0.63148618466145 0.08307353174358649 0.035779587255942505
0 0.749609375 0.971875 0.13984375 0.05