0 0.47578125 0.045703125 0.0875 0.09140625
0 0.4146927663908155 0.18494296392016532 0.05877720536281679 0.2198073858558109
0 0.33710466307286036 0.30189933157901117 0.04974655601527189 0.11475601282028158
0 0.22631124538508854 0.1515066104246447 0.035393154678545 0.08910104135632882
0 0.137890625 0.0375 0.04921875 0.075
0 0.12051632606617879 0.2627416710113959 0.038336341343090476 0.07362159057054071
0 0.675390625 0.322265625 0.25546875 0.11484375
0 0.496875 0.454296875 0.0453125 0.11015625
0 0.4226183523830205 0.48052208023371296 0.06808747601049951 0.08047305810555194
0 0.470393602064747 0.5892945356723137 0.05392497867599957 0.07122433664159918
0 0.49375 0.693359375 0.0515625 0.07265625
0 0.3634858970798599 0.7056623022143944 0.06408122867599957 0.07169737158778737
0 0.37317534609720004 0.8330146105270886 0.07417384400859053 0.06670165653397539
0 0.11015625 0.9734375 0.0984375 0.053125
0 0.17583080840226956 0.6338901177635443 0.057522693348181164 0.1119948858558109
0 0.2642061420472478 0.469921759203181 0.044549978675999566 0.070787688998964
0 0.191015625 0.40390625 0.05390625 0.0484375
0 0.360546875 0.38984375 0.08046875 0.0203125
0 0.3106541543801569 0.4646317146417818 0.04438634667409058 0.05672518899896399
0 0.22864436976842714 0.8733582053361569 0.04442270934118149 0.059850188998963993
0 0.8056183057367695 0.5243224109819 0.0338397453453176 0.08980951674922295
0 0.7685632010661788 0.4971263642488877 0.033521572008272396 0.06246576674922295
0 0.7413370823917701 0.44133228256968715 0.020930665340545128 0.05407106989237622
0 0.8949484330641105 0.4759972460733131 0.02756247334499946 0.0871746683207995
0 0.9471881877386785 0.5317988090388199 0.06522665268936265 0.1701348715877872