0 0.207421875 0.20234375 0.41484375 0.3953125
0 0.036328125 0.069921875 0.07265625 0.13046875
0 0.555078125 0.29765625 0.15078125 0.2046875
0 0.352734375 0.58515625 0.25390625 0.1703125
0 0.446875 0.501953125 0.065625 0.05390625
0 0.23984375 0.7765625 0.4796875 0.446875
0 0.7297295016427441 0.8137141983499319 0.23029289106592543 0.16054439514629593
0 0.52890625 0.90234375 0.0984375 0.1515625
0 0.8382910428584507 0.7095844814789599 0.09129442182065048 0.07314355702175916
0 0.9325033639953876 0.6862163947917841 0.09709801166892973 0.06822161116879606
0 0.6680101714219516 0.6480785736327559 0.14233076333591957 0.08071134071643496
0 0.777568566800284 0.6505163502820385 0.08501259985021878 0.05320220391148123
0 0.8000891543775992 0.6074355125817376 0.050526029546777096 0.03932563162115734