0 0.059765625 0.189453125 0.11953125 0.28984375
0 0.71920008431001 0.25939129656903237 0.03620288402808356 0.054345865756780756
0 0.7318426834492943 0.33272274526773193 0.03733879809323426 0.06454761838761662
0 0.6771626013743101 0.5031447846949773 0.05151042549789597 0.06849166574266334
0 0.695768790752022 0.21592550575578207 0.036847724772256465 0.05048511838761662
0 0.7526536746952878 0.4847140321347284 0.11836065271722322 0.2860123656861937
0 0.8612474246952878 0.4783891664485349 0.06842759618646851 0.12873121572854593
0 0.7069468821291671 0.6932545742281032 0.032450401451278664 0.03619510523343701
0 0.666796875 0.6828125 0.03046875 0.0265625
0 0.6066963670682247 0.8402121451900861 0.039037707349061354 0.06854487364928837
0 0.6429426465147283 0.8404400228562154 0.03779266587924912 0.05521812101845249
0 0.6714582880732832 0.7159825663003019 0.016579864790789857 0.02825380261671846