0 0.3703125 0.351953125 0.1984375 0.32421875
0 0.144140625 0.465625 0.16640625 0.1484375
0 0.023046875 0.448046875 0.04609375 0.14296875
0 0.062279043032483064 0.22754212432461882 0.09940731955518664 0.0915550721398514
0 0.036328125 0.177734375 0.07265625 0.08828125
0 0.177254398523439 0.29446175109630834 0.17046959361388012 0.16653027948891275
0 0.2934026835317449 0.16061873063547924 0.08230016270764136 0.08004465326537727
0 0.29269262531376705 0.46971595028192625 0.08245965144887428 0.1190253077118811
0 0.734765625 0.269921875 0.53046875 0.53984375
0 0.273046875 0.86953125 0.39296875 0.2609375
0 0.8284192311877063 0.8666331176587878 0.22251415252860857 0.10286957277282358
0 0.786328125 0.958203125 0.33671875 0.08359375