0 0.20025061047416975 0.26087320101824146 0.19165028361182798 0.17232238627391575
0 0.96875 0.234375 0.0625 0.1953125
0 0.9435483298280914 0.08013129940908711 0.10360911414417569 0.15292254022885848
0 0.2062413073564146 0.7579636814080153 0.02542576433445589 0.06955302933309504
0 0.2182571584018632 0.8425489899481547 0.025587590418179394 0.035287289976756855
0 0.2381763748086258 0.8821140525111802 0.02088284437251211 0.05365487772394069
0 0.26225320336380714 0.8612059728097681 0.03296635030401127 0.08254470222957302
0 0.15266467395345762 0.7144870150062627 0.02805335722409339 0.11492015965492612
0 0.27109375 0.682421875 0.0890625 0.10546875
0 0.9640186332115828 0.9666418718210323 0.026687175399151285 0.04315442029858776
0 0.9652508693714182 0.9012900234301867 0.02329026136870649 0.055381268689433404