0 0.006640625 0.209375 0.01328125 0.0890625
0 0.01015625 0.295703125 0.0203125 0.02578125
0 0.02930950982460816 0.13914412990573483 0.037104047766469604 0.05999442391627667
0 0.08165433685099614 0.12024624403131998 0.03764985731976349 0.07171317391627667
0 0.16272347735961948 0.10407676872730871 0.0271468509096227 0.0471124219391104
0 0.08739485670284566 0.27323661631271623 0.03912031203449331 0.05305867441056833
0 0.04940578215765705 0.25178141621757594 0.03417810090962279 0.04739892342198502
0 0.8465439936968122 0.41611583024802085 0.032797537427387446 0.05124150642579064
0 0.8969485621414464 0.33842457036218915 0.02458477708830529 0.04232942144481875
0 0.243309889684563 0.9278445325674731 0.018424668320799677 0.027262836958138338
0 0.5739092842245717 0.6527099048488695 0.037958072373575645 0.06158875741437377
0 0.5908666710113959 0.6988049841454881 0.025074928659881833 0.03611125494291585
0 0.5917967013047715 0.6453530261416826 0.03263487158778737 0.06449092292769336