0 0.18270142273440335 0.12565715222321833 0.09282665252860874 0.0988460182887887
0 0.043359375 0.249609375 0.08671875 0.21484375
0 0.028125 0.55078125 0.05625 0.09375
0 0.9513893557262811 0.37185829676632665 0.09360670496493206 0.15965618429640002
0 0.8219497844730516 0.24047435110122012 0.08451350478036197 0.09071518330781672
0 0.8691594999261708 0.20049198549276026 0.039141645588778216 0.051464340912471054
0 0.7483865237541517 0.20888679353484071 0.046723608111849654 0.06034459239534584
0 0.9563310849806193 0.056393793553431236 0.04364867288667416 0.060998508402956994
0 0.953515625 0.0203125 0.08046875 0.040625
0 0.7417826206856759 0.2936046682876949 0.048035784237726274 0.05650200939154004
0 0.063671875 0.8546875 0.12734375 0.290625