0 0.471484375 0.923046875 0.21796875 0.11640625
0 0.265234375 0.8421875 0.133203125 0.090234375
0 0.4234375 0.776171875 0.216796875 0.05625
0 0.53671875 0.697265625 0.1125 0.048828125
0 0.38125 0.58828125 0.0875 0.033984375
0 0.060546875 0.826953125 0.120703125 0.203125
0 0.259765625 0.501953125 0.08046875 0.048828125
0 0.4875 0.48125 0.072265625 0.0375
0 0.741015625 0.759375 0.0625 0.044921875
0 0.72578125 0.66171875 0.0625 0.0375
0 0.675 0.612890625 0.077734375 0.044921875
0 0.8875 0.932421875 0.222265625 0.127734375