0 0.884765625 0.24765625 0.03046875 0.0234375
0 0.010301318467273913 0.5520249334143406 0.008689344849248926 0.02047615416031263
0 0.013474373767806202 0.6186312051658337 0.010506936364518004 0.02363752175149294
0 0.03787632573920767 0.5738005757489761 0.007653003333980024 0.0173329703647223
0 0.709375 0.982421875 0.0484375 0.03515625
0 0.6893284803463279 0.9042209268132815 0.04359037439602602 0.056377939779513754
0 0.8693505623186992 0.8371821632299137 0.02938435318419863 0.06384494766329851
0 0.8908905935324661 0.79385039052849 0.02020080075860431 0.02776197729857639
0 0.9106529073974692 0.757913217133681 0.027200099850218783 0.04663926386770836
0 0.8131882983788057 0.8491814556407989 0.029798941365487865 0.049818815254479176
0 0.9793140753647547 0.42019599140217057 0.02989453621473679 0.07009494766329868