0 0.166015625 0.3046875 0.16953125 0.1296875
0 0.312890625 0.35703125 0.08046875 0.025
0 0.63359375 0.033203125 0.2984375 0.06640625
0 0.655078125 0.287890625 0.11796875 0.16328125
0 0.12004192297135745 0.5951286493653989 0.04958693114108108 0.07607284393982638
0 0.2109375 0.3765625 0.0375 0.0140625
0 0.68671875 0.401171875 0.0875 0.06328125
0 0.5236132059530748 0.7615290735195136 0.1373288337461151 0.1670810100679862
0 0.876918046316473 0.8663188175840444 0.056727343051739966 0.07858024810013901
0 0.9210265342200625 0.7890377310530375 0.08080485194307982 0.14313371058107655
0 0.7199006818626976 0.8031041503153293 0.06399618755122187 0.10060071846486114