0 0.4726656246970826 0.48278008887953305 0.029621174410568153 0.03786475593149916
0 0.32901245448799293 0.50540249403132 0.01160600346004106 0.016851918973360823
0 0.3369363717313331 0.5023497840503479 0.009007585475263546 0.010506418479069168
0 0.3520188729670621 0.49588557258650123 0.014699169961943958 0.01619800296574958
0 0.45265820152224345 0.5144034678338658 0.022176088935304605 0.027422004448624193
0 0.873046875 0.582421875 0.04140625 0.07421875
0 0.8572674122632433 0.2847073448110321 0.03177126482874755 0.07149033942959626
0 0.8743813277579724 0.48679775612287324 0.021203837946721472 0.022702670950527092
0 0.8588823324537425 0.46520063458291433 0.010170837452429993 0.019913251977166268
0 0.9270274611795198 0.24754691372752752 0.025937758897248565 0.04317433844101304
0 0.8554429853626268 0.5304668430810116 0.020295253954332716 0.019545837452429993
0 0.8430457795831332 0.5188827207996154 0.021154758402957087 0.040639587452429994
0 0.6356669500765498 0.7221417360854735 0.05897043479069168 0.08819767836490086
0 0.437109375 0.68515625 0.08359375 0.13125
0 0.3052446210270768 0.7153266392786845 0.027404758402957086 0.04089425543720746
0 0.310546875 0.98125 0.02421875 0.0375
0 0.19765625 0.994921875 0.0171875 0.01015625
0 0.8241180019399852 0.7448921224727705 0.039089016311622336 0.07880809091247096
0 0.7767323366738115 0.7401933408566994 0.014395422433401884 0.027884919467652303
0 0.8049515078714844 0.7175947934232976 0.01680283942959626 0.02954291996194396
0 0.822265625 0.625 0.02421875 0.0109375