0 0.28125 0.643359375 0.4125 0.266796875
0 0.253125 0.416796875 0.076953125 0.03984375
0 0.134375 0.8984375 0.126953125 0.196484375
0 0.639453125 0.71484375 0.141796875 0.143359375
0 0.692578125 0.871484375 0.085546875 0.13671875
0 0.810546875 0.825 0.120703125 0.143359375
0 0.826953125 0.66328125 0.1625 0.119921875
0 0.878125 0.555078125 0.235546875 0.143359375
0 0.711328125 0.456640625 0.085546875 0.080078125
0 0.769921875 0.3984375 0.13125 0.069921875
0 0.6 0.53984375 0.145703125 0.146484375
0 0.479296875 0.421484375 0.070703125 0.069921875
0 0.948046875 0.793359375 0.1 0.133203125
0 0.492578125 0.731640625 0.064453125 0.11015625
0 0.932421875 0.36015625 0.126953125 0.06015625
0 0.970703125 0.453515625 0.054296875 0.053515625