0 0.092578125 0.10703125 0.18515625 0.2140625
0 0.06484375 0.296484375 0.1296875 0.20078125
0 0.315625 0.26796875 0.0875 0.1640625
0 0.9796875 0.230859375 0.040625 0.08203125
0 0.826953125 0.03203125 0.05546875 0.0640625
0 0.7882105139534897 0.10250067397102099 0.038841256939830336 0.0476154796419344
0 0.7607730779577346 0.029343177440936154 0.032390997840531635 0.04408996144333699
0 0.765234375 0.006640625 0.05078125 0.01328125
0 0.97578125 0.083203125 0.0484375 0.11328125
0 0.042578125 0.809765625 0.08515625 0.31015625
0 0.04140625 0.59921875 0.0828125 0.1390625
0 0.6671875 0.680078125 0.2953125 0.30078125