0 0.07734375 0.612890625 0.083984375 0.037109375
0 0.154296875 0.567578125 0.073046875 0.031640625
0 0.79921875 0.826953125 0.080859375 0.046484375
0 0.87578125 0.937109375 0.0578125 0.04453125
0 0.851171875 0.619140625 0.18125 0.058203125
0 0.784765625 0.4953125 0.037109375 0.022265625
0 0.516796875 0.540234375 0.043359375 0.017578125
0 0.39375 0.475 0.0375 0.0203125
0 0.436328125 0.472265625 0.020703125 0.022265625
0 0.487890625 0.43046875 0.033203125 0.012890625
0 0.372265625 0.5296875 0.053125 0.02421875