0 0.9457040517680205 0.15173951937565952 0.014626197663298512 0.025366661818710768
0 0.05166795706888836 0.7918540140002367 0.015662020801562537 0.03636793469752817
0 0.07928479060793343 0.761138224681041 0.007431293502986236 0.017761455909355385
0 0.05166795706888836 0.7918540140002367 0.015662020801562537 0.03636793469752817
0 0.07928479060793343 0.761138224681041 0.007431293502986236 0.017761455909355385
0 0.9648927490985241 0.4680100424839978 0.03701099715020852 0.0825572795467771
0 0.99140625 0.76640625 0.0171875 0.071875
0 0.9692058482629685 0.5674679730140509 0.020040396276527872 0.0234693219704317
0 0.9862839188842358 0.5875174582406625 0.009829594889756876 0.020296524545807236
0 0.9292756987101385 0.8089458546820107 0.02441942496187508 0.04410068636451818
0 0.9858400489182289 0.5228331404377056 0.019186411094166723 0.020280549091614475
0 0.99453125 0.5328125 0.0109375 0.040625