0 0.307421875 0.187109375 0.20390625 0.37421875
0 0.5016604789301147 0.31353650260584376 0.1255374093426326 0.2660709900143175
0 0.60859375 0.164453125 0.2359375 0.32890625
0 0.06810890673197556 0.8431622836370242 0.026645932988341992 0.0323130606699543
0 0.144193366277423 0.7661722486274791 0.05247564979486299 0.09505850867281787
0 0.20498823370399943 0.7982484046188886 0.04098112012586892 0.05667726133831792
0 0.14651686534037306 0.9054753776257292 0.04398772095570589 0.055151124005409
0 0.390625 0.897265625 0.0375 0.09609375
0 0.36698549853849655 0.7772396475970942 0.0427920738601351 0.049673283338636055
0 0.357421875 0.650390625 0.10390625 0.13515625
0 0.08780563878558985 0.8562026309675469 0.034553521370624375 0.054260786004136106
0 0.10622957975995165 0.8860398532980698 0.031203378424238613 0.040952264003817976
0 0.466796875 0.6140625 0.11484375 0.153125