0 0.050985511398647446 0.4748993441888203 0.06496307178554286 0.056318599050060314
0 0.07291849636365777 0.2111251102449081 0.06257270020978148 0.09665699400710617
0 0.5641183011282538 0.23061873869361058 0.06607620850815117 0.08127765547249552
0 0.5650843615035381 0.15625502515899986 0.040625922615379825 0.05348684814554918
0 0.53046875 0.39375 0.021875 0.06875
0 0.6719182231189336 0.26621100067939824 0.04634312634964619 0.046783146766068026
0 0.6230169366014623 0.38783037313520696 0.04429537427505377 0.05056656603337366
0 0.6412161959371283 0.404384908696085 0.026586733403260433 0.03251925090451113
0 0.6651496807902813 0.4684949963261845 0.039252676764564676 0.04563340456798422
0 0.5556082761212873 0.5123650446637902 0.05206033008391255 0.04007944538658705
0 0.7097981153403732 0.20275214863289098 0.05666624232633026 0.11113225180902227
0 0.6444434959394505 0.31044900158390937 0.08817635145453692 0.09566438206674696
0 0.6593364660583527 0.5349421899037494 0.043005561412580565 0.07462154172311415
0 0.6320460879464641 0.5305363119073025 0.04038912427505377 0.05036184814554936
0 0.07836774873898911 0.779652163332212 0.038211317636357836 0.06269807383528966
0 0.09430807498606679 0.6873844371902159 0.03707487012586874 0.057969630257724704
0 0.78125 0.88828125 0.209375 0.2234375