0 0.327734375 0.44609375 0.16328125 0.346875
0 0.7153288480511306 0.3350192206019882 0.28118892390488404 0.3159336260683629
0 0.7846026439799723 0.12961065476050293 0.26312234889504876 0.15771160239083953
0 0.11347178108706704 0.8012111809276877 0.08123321052744607 0.12688799466774103
0 0.03046875 0.783203125 0.0609375 0.09296875
0 0.043359375 0.9390625 0.08671875 0.121875
0 0.10889390570891475 0.9115494414510316 0.0766221201823722 0.14996147362105355
0 0.16772260249060605 0.9228201413945618 0.06622021572322616 0.09022245257436623
0 0.131640625 0.98046875 0.04296875 0.0390625
0 0.062469332880379994 0.8182436388696066 0.03887111188449897 0.055172618387616626
0 0.578515625 0.9390625 0.20859375 0.121875