0 0.51953125 0.309765625 0.0609375 0.08046875
0 0.24609375 0.23828125 0.2296875 0.2234375
0 0.104296875 0.175 0.20859375 0.35
0 0.698046875 0.25703125 0.23203125 0.1859375
0 0.16745026910830552 0.600294466046188 0.19279052408311692 0.43882582352223165
0 0.37109375 0.909375 0.1421875 0.18125
0 0.4903792542954132 0.833424547919744 0.07746765999505119 0.18520872888272547
0 0.3957904927061103 0.6359723307346059 0.07337330223856356 0.10708372888272547
0 0.4992519281430748 0.412095944001725 0.032676381162236014 0.05876034997176514
0 0.4703125 0.3765625 0.0421875 0.053125
0 0.798828125 0.675 0.40234375 0.65