0 0.18359375 0.2296875 0.3125 0.459375
0 0.42528015066916625 0.19558038978686537 0.06049083197237133 0.07300347958157997
0 0.5406424582406625 0.3132130950477511 0.04606167015366056 0.05847718811176765
0 0.5080289422593259 0.21844870471273162 0.039094193032477874 0.05901290145127884
0 0.6117762758140983 0.3775918255363804 0.0250636439408634 0.039826391832631994
0 0.570577255435766 0.36400923057344725 0.031233895607853324 0.048611114790790035
0 0.4625974644495803 0.3958866965916972 0.05497415560979295 0.10085566106992569
0 0.626643473243572 0.23865209386662478 0.030197554092584157 0.04545883293962447
0 0.5245708546820108 0.5945511304847046 0.051721738790112326 0.06101191106992569
0 0.5393107642297577 0.5339546536242724 0.07637092348764049 0.07667411660488846
0 0.5978413215717329 0.7095387407826573 0.026960983789142468 0.03443948738612832