0 0.32852483763765833 0.35900923388515826 0.07820423258119451 0.14685020734906135
0 0.5765625 0.309375 0.2859375 0.2609375
0 0.859765625 0.30625 0.28046875 0.2671875
0 0.691015625 0.729296875 0.05703125 0.15234375
0 0.6636654345283503 0.8410888908211416 0.07283133530635126 0.09057292549789597
0 0.5088177931725607 0.6264931335647475 0.10685539106592543 0.14473463584218216
0 0.49587196324163224 0.8042820722670785 0.0607459234876405 0.07612847958158006
0 0.5078382683126436 0.9312314800252931 0.04894742515463033 0.08428571996293321
0 0.484375 0.93984375 0.05 0.1203125
0 0.39887740521109405 0.807162763648148 0.06436513106398571 0.09183532513507622
0 0.400487315821857 0.6818626632853283 0.053268263335919566 0.07041419292109108
0 0.93671875 0.730078125 0.1265625 0.39609375
0 0.779296875 0.988671875 0.11953125 0.02265625
0 0.739453125 0.77265625 0.03984375 0.0609375