0 0.1632122552717105 0.24921413692310104 0.04944662094116259 0.061482874275053764
0 0.13125 0.059375 0.0578125 0.11875
0 0.578125 0.201171875 0.0171875 0.06015625
0 0.16577439630354168 0.5387523708392041 0.036556883116027096 0.1276047817435865
0 0.08390944906183755 0.7561722254056298 0.040484678165332966 0.0397379288391571
0 0.2180548037709457 0.5535655984312836 0.013731263392680581 0.02678764294638576
0 0.20135625040209418 0.6052882140956177 0.03006932954530477 0.02412458423309758
0 0.29886072158813803 0.4547419172051841 0.02550456047058134 0.0308006367226084
0 0.16734391740850763 0.38217677312125586 0.02285684740221221 0.05790758838228234
0 0.16767406412073402 0.44590784770633735 0.018155710632737153 0.05677114087179334
0 0.784765625 0.6859375 0.43046875 0.5796875