0 0.41171875 0.26171875 0.215625 0.15625
0 0.2703947183682708 0.10175891310786386 0.12964180103961845 0.09290109318774994
0 0.246875 0.0109375 0.1 0.021875
0 0.5375 0.181640625 0.0359375 0.04140625
0 0.8502029240768832 0.10467152049756852 0.07350927759440165 0.04259656615858276
0 0.784357686212088 0.035101896911903685 0.03218553796736394 0.022833512002052546
0 0.6554393195104578 0.020220033766662482 0.06727093298834194 0.032408499901804076
0 0.7307905345547361 0.13272204591600884 0.0359141892121194 0.02051248789975162
0 0.259765625 0.59609375 0.51953125 0.3140625
0 0.20234375 0.860546875 0.321875 0.27890625
0 0.434765625 0.8390625 0.16953125 0.321875
0 0.76328125 0.627734375 0.4734375 0.28046875