0 0.23349139670193023 0.17766352285203216 0.3676340373567715 0.18968550806277057
0 0.4515625 0.12734375 0.1359375 0.078125
0 0.30639200001988537 0.06092547901450392 0.23073292667886314 0.10054161724456101
0 0.11322780068427196 0.05311626799207729 0.13924486067790856 0.08925305272886837
0 0.259765625 0.45625 0.51953125 0.246875
0 0.384375 0.886328125 0.2703125 0.22734375
0 0.116796875 0.93828125 0.17265625 0.1234375
0 0.019140625 0.88125 0.03828125 0.1625
0 0.10242885005567928 0.6991265889179108 0.10268974267981754 0.10160534946188075
0 0.06484375 0.63125 0.1296875 0.103125
0 0.1935089307367695 0.8011920490093238 0.17704540002386251 0.18393200599585596
0 0.33662231039145196 0.7061973415038085 0.08535679201145392 0.08830482878371626
0 0.25703125 0.973046875 0.0890625 0.05390625
0 0.873046875 0.626953125 0.25390625 0.09453125