0 0.636328125 0.921484375 0.126953125 0.0796875
0 0.516015625 0.793359375 0.081640625 0.0390625
0 0.481640625 0.68671875 0.091796875 0.032421875
0 0.677734375 0.7875 0.060546875 0.037890625
0 0.694921875 0.721875 0.066796875 0.037890625
0 0.79296875 0.976171875 0.0671875 0.04765625
0 0.77421875 0.8953125 0.037109375 0.0203125
0 0.638671875 0.65234375 0.026953125 0.025
0 0.4046875 0.543359375 0.036328125 0.027734375
0 0.46015625 0.562109375 0.040234375 0.027734375
0 0.4515625 0.72578125 0.034375 0.018359375