0 0.1140625 0.094921875 0.228125 0.18984375
0 0.980078125 0.14453125 0.03984375 0.2390625
0 0.939453125 0.034375 0.08515625 0.06875
0 0.873046875 0.049609375 0.06796875 0.09921875
0 0.9267283835943312 0.15444769034514055 0.06823268825073256 0.10346196509696384
0 0.8271289609137835 0.18468154829901193 0.04972276878308026 0.08986706939903506
0 0.77734375 0.03828125 0.071875 0.0765625
0 0.74157543943069 0.09053983340391891 0.04353643577927464 0.09132047524323372
0 0.8859375 0.371875 0.071875 0.0359375
0 0.808984375 0.358203125 0.03671875 0.06328125
0 0.7684476861992042 0.3028099853927987 0.037367348821136306 0.07403751785690744
0 0.733203125 0.343359375 0.05078125 0.09296875
0 0.6737042012750976 0.23303020657719492 0.04648502224312141 0.10620513555165925
0 0.7018955268645295 0.26923075933713847 0.03320643083635879 0.06771933400953163
0 0.6969341014839685 0.11317849249452845 0.03135742935348409 0.06066081047058134
0 0.743547139772976 0.6577508555231824 0.36310742543633234 0.44274620210802507
0 0.4875 0.423828125 0.0625 0.06796875