0 0.064453125 0.196484375 0.12890625 0.17109375
0 0.785546875 0.323046875 0.30234375 0.11328125
0 0.20078125 0.49765625 0.1765625 0.2359375
0 0.448046875 0.520703125 0.14296875 0.28203125
0 0.06640625 0.721875 0.1328125 0.371875
0 0.35759602325400025 0.7480390327692718 0.15706686028334732 0.2662430744848351
0 0.415234375 0.865625 0.20859375 0.26875
0 0.4856916601986427 0.6300442041352518 0.06695155254613142 0.09452051722143943
0 0.24233504430068775 0.7630505713613356 0.11054119980235591 0.21527164772027058
0 0.31484375 0.40859375 0.146875 0.0578125
0 0.3659378432182073 0.5072893445944487 0.08338018934959948 0.13621110975290668
0 0.87734375 0.50625 0.2453125 0.253125