0 0.4734375 0.108203125 0.0921875 0.21640625
0 0.06212319960500083 0.213157704984887 0.033907367388246804 0.05429714867122719
0 0.04153396453391961 0.12668440298775058 0.02533634328594585 0.05810340133672707
0 0.892578125 0.11171875 0.21484375 0.2234375
0 0.2426265593323965 0.7218115319263443 0.14786182484098553 0.30560620468649907
0 0.12672255167154542 0.6368379162754799 0.11964994554888211 0.1560692813494538
0 0.154296875 0.469921875 0.05390625 0.10078125
0 0.30546875 0.539453125 0.203125 0.23984375
0 0.448828125 0.708984375 0.14140625 0.49765625
0 0.411328125 0.93984375 0.21640625 0.1203125
0 0.216015625 0.9765625 0.08046875 0.046875
0 0.65390625 0.455078125 0.1453125 0.07109375
0 0.7808780052249642 0.5914368655713226 0.13930846057599666 0.1781715480187719
0 0.919921875 0.466796875 0.16015625 0.09453125
0 0.530859375 0.498828125 0.02265625 0.13828125
0 0.6159309469236243 0.8796649399268215 0.045072126365237254 0.09348691800604528