0 0.072265625 0.294140625 0.14453125 0.15078125
0 0.408984375 0.34296875 0.08203125 0.053125
0 0.25859375 0.028515625 0.1078125 0.05703125
0 0.30312833113239074 0.21079578391952705 0.18498673393263587 0.3058986689457125
0 0.337890625 0.03671875 0.08671875 0.0734375
0 0.83515625 0.325390625 0.3296875 0.08828125
0 0.7991380521226084 0.1453621025559789 0.1402980472844595 0.09931395803538727
0 0.673875500715427 0.25213780975787115 0.06582939732681173 0.04891560318419863
0 0.5982819364364148 0.0526477993814785 0.06683816048099142 0.052885626063016035
0 0.95234375 0.03515625 0.0953125 0.0703125
0 0.983203125 0.101953125 0.03359375 0.03984375
0 0.214453125 0.89609375 0.42890625 0.2078125
0 0.46171875 0.79453125 0.15625 0.0828125
0 0.6429997786215529 0.5258699530947606 0.15264685786427296 0.04433941561173267
0 0.9625 0.440234375 0.075 0.07890625
0 0.618359375 0.384765625 0.15703125 0.03046875
0 0.830078125 0.79921875 0.33984375 0.4015625