0 0.05703125 0.455078125 0.110546875 0.069921875
0 0.366796875 0.43828125 0.05078125 0.043359375
0 0.60234375 0.230078125 0.030078125 0.019921875
0 0.66796875 0.31015625 0.090234375 0.033203125
0 0.6265625 0.368359375 0.05234375 0.030078125
0 0.528125 0.303515625 0.05078125 0.033203125
0 0.4953125 0.569921875 0.086328125 0.066796875
0 0.40625 0.658203125 0.159375 0.11015625
0 0.623046875 0.530078125 0.044921875 0.033203125
0 0.678125 0.66171875 0.20078125 0.08984375
0 0.7 0.85 0.176171875 0.18671875
0 0.749609375 0.53984375 0.121875 0.1
0 0.408984375 0.280078125 0.03359375 0.01328125
0 0.586328125 0.2484375 0.05078125 0.0234375
0 0.553515625 0.26484375 0.0375 0.0234375