0 0.2982506657433401 0.15649848056018065 0.04577315274470948 0.071568938998964
0 0.09549656452926998 0.12084771298464272 0.09252613229073817 0.09637203990858678
0 0.07622607581204104 0.21852107961003125 0.08554034639736088 0.09760705417661039
0 0.2503281597062431 0.25753121060588724 0.04109401293212365 0.04482450248119925
0 0.27798179826518743 0.22126837892668688 0.021358174452321778 0.036883569892376046
0 0.29765625 0.269140625 0.1375 0.04140625
0 0.13265088671173597 0.4637009547124752 0.09240176332783516 0.19935149069437505
0 0.105859375 0.73828125 0.21171875 0.5234375
0 0.437890625 0.986328125 0.03984375 0.02734375
0 0.350390625 0.96171875 0.14296875 0.0765625
0 0.53671875 0.644921875 0.134375 0.71015625