0 0.296484375 0.27890625 0.04140625 0.021875
0 0.586328125 0.2140625 0.23359375 0.15
0 0.7391097619549793 0.15043970502657059 0.07027668467536322 0.06730097001621065
0 0.910035334619684 0.1569240105484792 0.15782213800922698 0.07528259801413864
0 0.94609375 0.242578125 0.1078125 0.09453125
0 0.8887560469645244 0.07319542369973768 0.067742030673136 0.05078555810555185
0 0.524609375 0.124609375 0.11015625 0.06171875
0 0.7863989346355924 0.04555847911694779 0.08662839067472686 0.06337760339082213
0 0.1078125 0.484375 0.215625 0.309375
0 0.29122487692952603 0.5322172051312691 0.20627037070336202 0.2797731989237615
0 0.7204089396085481 0.4292731225210552 0.4382647106938169 0.22030411538253425