0 0.959765625 0.146875 0.08046875 0.29375
0 0.94453125 0.402734375 0.1109375 0.18671875
0 0.7941326711932438 0.20306355837024884 0.13969925740125574 0.2252479287467704
0 0.703125 0.08046875 0.13125 0.1609375
0 0.76796875 0.36640625 0.2125 0.2671875
0 0.870703125 0.4421875 0.10546875 0.115625
0 0.838671875 0.085546875 0.10703125 0.17109375
0 0.576953125 0.0234375 0.11015625 0.046875
0 0.18887062384643674 0.6646048295773359 0.03977270126430419 0.050009294416759074
0 0.147265625 0.51796875 0.03359375 0.0359375
0 0.17363909970930153 0.5534123584948331 0.04865634793281668 0.07936612739018098
0 0.15734121915835977 0.7159274976836482 0.03184028531746037 0.03549621144333699
0 0.627734375 0.67421875 0.37890625 0.3484375
0 0.280078125 0.596484375 0.04140625 0.18203125