0 0.147265625 0.04296875 0.11953125 0.0859375
0 0.21581320883211214 0.18402512830751422 0.10312776784613939 0.15894481451569256
0 0.310546875 0.345703125 0.14140625 0.10859375
0 0.430859375 0.37421875 0.15546875 0.0515625
0 0.479296875 0.090234375 0.14140625 0.18046875
0 0.333984375 0.12109375 0.18984375 0.2421875
0 0.598828125 0.34453125 0.09765625 0.1109375
0 0.4921875 0.9125 0.115625 0.175
0 0.408203125 0.671484375 0.28359375 0.54296875
0 0.52265625 0.554296875 0.0546875 0.10234375
0 0.312480087668947 0.9319543409825707 0.04296967261537974 0.053381865177646405
0 0.6140625 0.76171875 0.128125 0.2046875