0 0.5867784226440503 0.21948432443474486 0.029501572290324064 0.035917667624907335
0 0.6762418180964115 0.18312096138111045 0.062313363760694254 0.10080993576819441
0 0.7274765541237956 0.24148469222469834 0.04646418836009243 0.06143507747412027
0 0.6477295569985178 0.3135852846845596 0.04873958784171286 0.06085887902925933
0 0.906640625 0.408984375 0.09453125 0.06171875
0 0.8874516573754854 0.2977329209006239 0.04747988421305536 0.055321778510879584
0 0.97421875 0.28828125 0.0515625 0.228125
0 0.9171600525450228 0.18094047259717477 0.1390022943450923 0.15326028397749977
0 0.6058044800900453 0.41923040047150406 0.024237873845462943 0.03778296399624992
0 0.6025838608627307 0.24063650876557818 0.03994078628657398 0.05776327332708329
0 0.6135063094490039 0.27686688894937445 0.03572217799249992 0.04498987125356475
0 0.3146367483747442 0.9398233846140499 0.07675657257314797 0.11525314458064813
0 0.40929248211629554 0.736843584779096 0.10109219123481453 0.14529195909527762
0 0.495703125 0.867578125 0.08828125 0.26484375
0 0.187890625 0.979296875 0.04921875 0.04140625
0 0.909796611875856 0.6153324708537484 0.13366068345912013 0.13651228138560167
0 0.659765625 0.756640625 0.23984375 0.48671875