0 0.38984375 0.29296875 0.1203125 0.090625
0 0.11796875 0.084765625 0.2359375 0.16953125
0 0.531640625 0.23125 0.16328125 0.084375
0 0.6353950708564807 0.19330401704118572 0.1349917653230392 0.07496086404130367
0 0.604251170913346 0.11340712418427819 0.08843775889724856 0.04370118141174384
0 0.6989389646209705 0.30308416598552546 0.11716759536109525 0.05903585511284994
0 0.5947833290122919 0.15389575648952647 0.07546025642579064 0.031764243100141164
0 0.15625 0.708984375 0.3125 0.58203125
0 0.86171875 0.8234375 0.2765625 0.284375
0 0.516796875 0.878515625 0.13359375 0.24296875
0 0.52421875 0.70390625 0.1484375 0.184375
0 0.484375 0.578125 0.06875 0.1