0 0.5154434888427281 0.41867491845013777 0.13018019805083547 0.17364113449587942
0 0.15054321469486975 0.36758042610766156 0.05368015340856669 0.08114198473143511
0 0.121875 0.443359375 0.075 0.13203125
0 0.630078125 0.025390625 0.25859375 0.05078125
0 0.31612928145640196 0.4067142862633325 0.05953073295387146 0.1034954383600926
0 0.873046875 0.216796875 0.22734375 0.43359375
0 0.34116910186973437 0.9471427338364805 0.06227390340856651 0.08189384043361088
0 0.2097350054818196 0.946206721748703 0.07241651663909146 0.08200114717254614
0 0.20454956067574753 0.8174323918240965 0.08172333279171565 0.07891510339310166
0 0.508984375 0.974609375 0.16484375 0.05078125
0 0.67578125 0.966796875 0.153125 0.06640625
0 0.03359375 0.9859375 0.0671875 0.028125
0 0.05677542106525087 0.788854968591157 0.05187219155801355 0.0669427836946758