0 0.28814171807199196 0.36694806040422295 0.05724515494824054 0.08426735141192587
0 0.3624968148439363 0.33621554328221065 0.0545890466541664 0.07172188730530316
0 0.04609375 0.3421875 0.0921875 0.1015625
0 0.05857285805773289 0.48871945150370333 0.11450058034884236 0.12411711309040836
0 0.20478914172916732 0.10213775115388071 0.04615183006601846 0.04654003087881246
0 0.24262575909488487 0.07700018457954672 0.048427229547638714 0.045826977038746365
0 0.640686976978982 0.1292264707372867 0.11089712672018504 0.11855743487716293
0 0.7542515452400469 0.14271296654739815 0.055839188360092426 0.05929008346523714
0 0.4578125 0.260546875 0.096875 0.12265625
0 0.259375 0.784765625 0.3 0.43046875
0 0.6851293355558801 0.7519963810038435 0.10772360857689796 0.09119095282385156
0 0.73515625 0.904296875 0.2125 0.19140625
0 0.469140625 0.937109375 0.11953125 0.12578125