0 0.080078125 0.031640625 0.16015625 0.06328125
0 0.14343216322991353 0.300375492894975 0.09395198138263901 0.11097050202859489
0 0.20442584764263935 0.3877331939903502 0.0677888716752431 0.09411423863591431
0 0.7242856593364758 0.1581829488599666 0.07949009109003491 0.12711765340856668
0 0.6152119983844794 0.23632465259449248 0.08288719481350704 0.10531083725594251
0 0.6893791364444274 0.38638690523199537 0.06973323138263901 0.11054776217486459
0 0.44375 0.35703125 0.1875 0.2453125
0 0.8528087432083161 0.07686653936231999 0.06691735590767375 0.12377446509696392
0 0.8201917455346879 0.3195577126580367 0.04389677678548622 0.07417388555165916
0 0.065234375 0.75390625 0.13046875 0.4921875
0 0.833984375 0.5609375 0.33203125 0.1625