0 0.11993689749865499 0.31211568653369587 0.01737317029858776 0.026275457576345217
0 0.5059124203370251 0.09661050244014184 0.03554936993027065 0.07514339227387339
0 0.47577753406310946 0.2803637491061619 0.01959123416055819 0.035778003333979846
0 0.50313235571875 0.3273821413800354 0.025480601240837154 0.05334814060688338
0 0.05604704717861049 0.6513143002392192 0.047989385769712456 0.04198007697140156
0 0.04751632223671827 0.7115104244057243 0.050119968321116384 0.07244882697140156
0 0.09209022095744368 0.3886866900126078 0.021099103838727283 0.03512429909161448
0 0.11003165579652822 0.39054409122540495 0.02440442029858776 0.02684941348570078
0 0.199609375 0.373828125 0.02734375 0.02890625
0 0.877734375 0.378125 0.06328125 0.0375
0 0.9353783581521519 0.4538567119129981 0.026169016091543363 0.040975686364518