0 0.07949188407063312 0.1772099870013692 0.051326690006363404 0.04835258346523723
0 0.21576601241245097 0.24365399825088688 0.05129032733927232 0.04522758346523723
0 0.2794287967456782 0.24472541059576117 0.05204430533895419 0.04290656551854859
0 0.41803703707826917 0.24329160005852407 0.08443009134309029 0.07430732970431357
0 0.23209389705997455 0.10316121047704777 0.03626476400381797 0.029170674452321778
0 0.14942257606617879 0.14644337179938988 0.04170624200349984 0.02698604882550093
0 0.2990364963995651 0.15118718500851164 0.06769657733927233 0.045704956584775226
0 0.2095069217456782 0.7438118079634476 0.047956242003499835 0.027167905251991798
0 0.3457120490730194 0.7036492922929322 0.023582950668363623 0.013181961599340042
0 0.8922873307407466 0.742842830264627 0.021184656667727175 0.008426265439406323
0 0.9953125 0.7578125 0.009375 0.0109375
0 0.9890625 0.7640625 0.021875 0.0171875
0 0.9236827814091102 0.7562521123970807 0.016488066000954406 0.007508623119538172