0 0.19609375 0.067578125 0.1015625 0.13515625
0 0.18851497345359328 0.3524680331423168 0.09647887575930572 0.19082137797604232
0 0.2949468114094961 0.3372258093733188 0.055707098973819494 0.11465236188449897
0 0.32730732936126705 0.22030610714374585 0.04794915036059031 0.11644980866619044
0 0.3811392111529509 0.30350941413283883 0.049094076272395884 0.13212943898802115
0 0.83984375 0.284765625 0.3203125 0.56953125
0 0.423046875 0.9140625 0.16953125 0.171875
0 0.5545530281166663 0.8194302550205531 0.07049695079743046 0.14688570767745457
0 0.55703125 0.93359375 0.0875 0.1328125
0 0.131640625 0.784765625 0.26328125 0.43046875
0 0.83984375 0.784765625 0.3203125 0.43046875