0 0.2482364422608369 0.2755918305628975 0.23121019072219048 0.11801716314779931
0 0.456640625 0.408984375 0.08671875 0.12734375
0 0.40188471843970053 0.19942015828312593 0.1199251808363588 0.06923301542127547
0 0.3700975368619043 0.12922159375370718 0.09591467787060921 0.05476141233702041
0 0.2563275027743753 0.16717051725129473 0.09903967787060938 0.054815959414921164
0 0.2435794812726913 0.06536739671552158 0.08740184091247087 0.0374375446422686
0 0.4296875 0.04140625 0.140625 0.0484375
0 0.351171875 0.004296875 0.08984375 0.00859375
0 0.03125 0.0921875 0.0625 0.05625
0 0.06910872188115107 0.02384987276953421 0.06901925543720751 0.02696764894433983
0 0.816015625 0.2140625 0.36796875 0.428125
0 0.258203125 0.856640625 0.48359375 0.16015625
0 0.758203125 0.76484375 0.48359375 0.4703125