0 0.334375 0.107421875 0.359375 0.21484375
0 0.70546875 0.284375 0.3109375 0.25
0 0.275 0.736328125 0.55 0.52734375
0 0.7256128818643106 0.7871616907593716 0.12898845752810448 0.19868419220506528
0 0.8328159102674864 0.8545249222420276 0.09139561562705048 0.15659485129259423
0 0.9051292855146322 0.8562976458160183 0.0597981057412186 0.10851017836490087
0 0.8510804320163162 0.7519729252077771 0.08044352817462048 0.13664976581733085
0 0.781165168689034 0.6145259926413977 0.06289127224312133 0.10785626235728962
0 0.8205778371681032 0.6075239175462575 0.05272043479069151 0.08794301038012335
0 0.8824046985750844 0.6746033061392762 0.03347834486680377 0.055960839923887916
0 0.9277888413509909 0.7899219000174968 0.041464599809719616 0.07968484140676253
0 0.9468790575106079 0.7535287787246836 0.04243685079830275 0.08440417490485981
0 0.98671875 0.8015625 0.0265625 0.059375
0 0.8541443888029834 0.5615475492191939 0.04793743429640003 0.08540825939154022