0 0.33046875 0.392578125 0.0359375 0.01484375
0 0.3373210239410446 0.32777343260356046 0.05705456939903506 0.048385761862998145
0 0.484765625 0.375390625 0.01015625 0.02421875
0 0.8484688039728165 0.3782907443528278 0.028411372158978578 0.017552255931498985
0 0.9431335574227461 0.34506505612068566 0.03315341923687924 0.020868256920082116
0 0.99375 0.304296875 0.0125 0.01640625
0 0.9474821152558244 0.3034750988583174 0.01340398092527657 0.007572419467652303
0 0.09921875 0.705859375 0.1984375 0.28671875
0 0.9584449117248172 0.8199204064618779 0.05070911201270896 0.04266234387822045
0 0.727881794233584 0.7156713165193995 0.03866307954530477 0.02343484140676253
0 0.6382445728456692 0.7014795059872706 0.05298467816533296 0.03885159437251211