0 0.1456908200978475 0.2737180493912928 0.033615199847500145 0.16909544533736343
0 0.340234375 0.447265625 0.10859375 0.10546875
0 0.3738690650638544 0.11211638337442995 0.06075827488562506 0.1272352093411815
0 0.5217945323881602 0.4106322487269063 0.02776263050895835 0.051871582670272434
0 0.390625 0.0125 0.0390625 0.025
0 0.5051038207149829 0.2639933323917701 0.021258710581076555 0.07444601666931802
0 0.48671875 0.00859375 0.03125 0.0171875
0 0.48941125816812525 0.059569188056951924 0.026054660144236054 0.04560340133672711
0 0.5437705230794796 0.6595100987229292 0.018732469414791807 0.033021585335772485
0 0.3774958055160944 0.8813428223663167 0.05441604948690983 0.05608691534054522
0 0.5876935957427782 0.6842333807288153 0.03582970364722229 0.06289998933799978
0 0.6403899701256428 0.5993228524029058 0.02541822729857639 0.018259651336727245
0 0.6448602443941324 0.6403793854033831 0.02122168977951393 0.0392988573360908
0 0.518397755269879 0.6432035723862021 0.027162565254479177 0.02609033267027261
0 0.503892365119445 0.7582379527172022 0.025690984232430658 0.029978401336727068