0 0.7602160335374658 0.4134462601429744 0.03142375494291585 0.023969334009531627
0 0.7966701632332359 0.39180110815409463 0.02711825692008212 0.033262513392680756
0 0.8719334542408472 0.39624205640844856 0.05081042490485963 0.03992161647693564
0 0.8403823653055426 0.42227272239891694 0.05192725593149898 0.029011390015886106
0 0.19197472226389953 0.8323530829919388 0.32614995901097926 0.2063314151763942
0 0.15921658418376303 0.6961380062876555 0.17182060326976067 0.09746315543716158
0 0.4171875 0.80234375 0.184375 0.25
0 0.3048175622063779 0.6052537049473989 0.10206917737631774 0.05252675649282175
0 0.4393285192216004 0.6138560476818657 0.12673359634967837 0.06388699634655204
0 0.093359375 0.517578125 0.18671875 0.15546875
0 0.7925503490125105 0.668168739241527 0.17906937056996633 0.1795625892845374