0 0.46875 0.241015625 0.2625 0.27734375
0 0.76171875 0.18984375 0.3234375 0.3796875
0 0.11962135798160052 0.6287198369617981 0.17881215400215744 0.24156067735531545
0 0.984375 0.773046875 0.03125 0.12421875
0 0.9254320239695456 0.7671207589068374 0.084273180687266 0.08981866943775678
0 0.945852987334814 0.6507061487194229 0.06807497060135788 0.07842652837152997
0 0.9448698018420789 0.542639416039291 0.06893810775648763 0.08001176042484133
0 0.8149111855485062 0.5560192971096415 0.07835405133405252 0.08106579506457727
0 0.7941748824054313 0.42826637015003727 0.08752433344622812 0.0774323297043134
0 0.6508442421402834 0.6627938255144249 0.08036028663473135 0.11934704506457727
0 0.7750723764683084 0.8079891424844703 0.05861808344622812 0.07659124373179385
0 0.7227496378882691 0.8961734525927424 0.06795213986866315 0.07608277837152996
0 0.7872542121758144 0.9436837758309939 0.06593926051544959 0.06744356426490725
0 0.8390625 0.981640625 0.084375 0.03671875
0 0.8965146865087881 0.9074699684278599 0.10100365728151779 0.1113670605039836
0 0.8208999932141368 0.8042522086298394 0.05557829262762519 0.06324179757185977
0 0.6453279466297825 0.41613478002088256 0.056523316937884704 0.06638952962517113