0 0.524609375 0.398828125 0.04140625 0.02109375
0 0.35234375 0.40390625 0.01875 0.0109375
0 0.86484375 0.3953125 0.0453125 0.028125
0 0.9190058690863525 0.33923916984249197 0.018809984160558103 0.034661372158978666
0 0.939184470201139 0.3247295206946337 0.01337408514929379 0.012718188311602674
0 0.9610894622814181 0.3079033950857257 0.00846806386197052 0.009511367694751627
0 0.9825465221205028 0.30866903124629275 0.016936127723940864 0.019022735389503255
0 0.9682763904997268 0.30020680762626456 0.010921074505632155 0.01111477800317715
0 0.9880779332004245 0.25753124816998074 0.023027590597175518 0.05034091923687924
0 0.921805582085638 0.27123632791880403 0.01672831411407181 0.08300341477265238
0 0.8035502958796655 0.3571700764991171 0.023606744804219915 0.036305692775829713