0 0.323631615895307 0.18892260374398795 0.11588707594338973 0.1223021251693421
0 0.2192922826279256 0.16903888992646365 0.12464596199505174 0.18204561736742592
0 0.12106655704067606 0.1535151274884205 0.09055210682220212 0.1630975435321364
0 0.57421875 0.300390625 0.2484375 0.23828125
0 0.423046875 0.45859375 0.05390625 0.078125
0 0.422265625 0.547265625 0.05546875 0.12109375
0 0.41845720833388844 0.685419727217879 0.04121969655564541 0.15661184814554918
0 0.265234375 0.459765625 0.03046875 0.08046875
0 0.2508521711868699 0.6817225963943273 0.04568222453146405 0.068699090343633
0 0.13885894536851123 0.5093485080290587 0.02117396951689905 0.11109795228399211
0 0.18104278219896058 0.6413078369527311 0.011710389812585476 0.027135710085908295
0 0.666015625 0.96015625 0.13671875 0.0796875
0 0.897265625 0.75078125 0.20546875 0.38125