0 0.35269790219341635 0.2929402167210203 0.034091580083912734 0.037863626670909055
0 0.384765625 0.216796875 0.01015625 0.04140625
0 0.6488508517784979 0.47776065939288354 0.031665319710950254 0.05734942333704538
0 0.410546875 0.178125 0.04140625 0.0828125
0 0.6393385855943545 0.4140342403922473 0.025746283818179096 0.030741470003181705
0 0.7430425421281597 0.3559182977402694 0.02056187634964619 0.044731244668999894
0 0.6436744092423863 0.275535088060929 0.032280626349646194 0.04486760467059074
0 0.463671875 0.5109375 0.04921875 0.0375
0 0.2 0.888671875 0.165625 0.22265625
0 0.2224079655687321 0.6593341990769964 0.10787354481584117 0.10506985534690845
0 0.5439874289510144 0.8251081003938381 0.029617567636357832 0.061228401336727065