0 0.677644769314553 0.1661117314210414 0.080576179353484 0.06106531667727229
0 0.94296875 0.391796875 0.1140625 0.21171875
0 0.9317366683062854 0.4802488724538126 0.1119654422050651 0.12233917134786303
0 0.7635053093521715 0.3568645480983136 0.11702035672980174 0.11224655601527189
0 0.6741768597513229 0.3972117354192915 0.11595260524692712 0.1052062153484993
0 0.5482802046181267 0.450408366068565 0.09393568380210837 0.08230451734563574
0 0.6577049314050125 0.5391401514162689 0.11818360870696817 0.12163064668204485
0 0.7975659274506798 0.522026471435359 0.12803611117842628 0.1334584846833174
0 0.7668040294847115 0.6102983570973592 0.14002943380210836 0.0828408666852262
0 0.537109375 0.628515625 0.14921875 0.08203125
0 0.592603242394252 0.2350109064091101 0.053568010380123356 0.049818734006999675
0 0.6204676099798782 0.20019555641308723 0.04102158942959626 0.029369874005408823
0 0.5120648609684613 0.20361945373167883 0.18965670209089716 0.170095966024817
0 0.45859375 0.444921875 0.1375 0.31328125
0 0.9071439269192073 0.12583381878576727 0.07617518083635914 0.06804202267663584
0 0.694921875 0.92890625 0.61015625 0.1421875