0 0.486328125 0.1390625 0.36640625 0.121875
0 0.16640625 0.895703125 0.2859375 0.20859375
0 0.19685340157383116 0.5869345558011883 0.21986519789030412 0.11156261160567169
0 0.11066872963367644 0.4732296787725934 0.187431533498446 0.06884327759614015
0 0.1083389230783105 0.3973461530015296 0.12892767473094038 0.05299040665497756
0 0.18831859853312194 0.37567659171852175 0.11055866439185813 0.044083010957048606
0 0.23820195533615687 0.35387263981071987 0.09851242865988183 0.036847209414921075
0 0.17664054394222672 0.3074487430984935 0.06946062944567011 0.03321764894433983
0 0.42046751085806544 0.5282869431779238 0.13003641046291675 0.060035293424452615
0 0.42250519985702956 0.4845369431779238 0.09284462551672874 0.04923811525911974
0 0.3362263285788285 0.4232167264577543 0.07745506596343468 0.037260266639091454
0 0.48351762851691127 0.4504170876580367 0.09486088978475227 0.04224777556754518
0 0.94921875 0.55859375 0.1015625 0.1546875