0 0.5390625 0.041015625 0.0796875 0.08203125
0 0.8904699861473896 0.40460530325034477 0.02166031603337366 0.04085226666931803
0 0.799259069707189 0.2676919249284124 0.009204581637205856 0.026653406667727177
0 0.7877334105030777 0.32371947726370776 0.0068641536634730825 0.011791475334181812
0 0.8904699861473896 0.40460530325034477 0.02166031603337366 0.04085226666931803
0 0.799259069707189 0.2676919249284124 0.009204581637205856 0.026653406667727177
0 0.7877334105030777 0.32371947726370776 0.0068641536634730825 0.011791475334181812
0 0.5679177561044355 0.9124774399268215 0.007027927973732773 0.014916475334181811
0 0.841135589098408 0.8412885115969351 0.0226086623699004 0.029151698002863567
0 0.8288203748286282 0.934457256265935 0.031444751809022266 0.04877385467059057
0 0.9447635391211222 0.7974786012492311 0.04673888116223601 0.05754032733927232
0 0.86796875 0.96875 0.053125 0.0625
0 0.8074915111928181 0.6990149239338213 0.030213122455808695 0.04017101400381797
0 0.826321197703636 0.6182779992640259 0.021704581637205678 0.026798857336090796