0 0.18984375 0.325 0.265625 0.3890625
0 0.37421875 0.41640625 0.16875 0.20625
0 0.58671875 0.36796875 0.1140625 0.303125
0 0.842578125 0.465625 0.25546875 0.1078125
0 0.661328125 0.130078125 0.26328125 0.26015625
0 0.86171875 0.128515625 0.159375 0.25703125
0 0.969140625 0.0875 0.06171875 0.153125
0 0.2826578729787103 0.8340244099515877 0.2275760523343699 0.32469470506402764
0 0.43671875 0.56796875 0.1 0.096875
0 0.266796875 0.581640625 0.12734375 0.12421875
0 0.9521749629565356 0.7103093125047777 0.046457042022787574 0.08913038943430393
0 0.983984375 0.769921875 0.03203125 0.10546875
0 0.664453125 0.81953125 0.26953125 0.3609375