0 0.3229917234503997 0.2680331978880496 0.1651197729857639 0.1871832845319034
0 0.16692388801149338 0.28534691852568733 0.07810877583555573 0.1035295684446341
0 0.287109375 0.530078125 0.11171875 0.05859375
0 0.06668423261690996 0.10274628018867711 0.037083079122187536 0.05089256596343468
0 0.04206478590354186 0.050873411082089245 0.02185746941479172 0.033794957195929065
0 0.941015625 0.219921875 0.11796875 0.34140625
0 0.7125 0.082421875 0.2703125 0.16484375
0 0.838671875 0.434765625 0.28359375 0.24921875
0 0.6359375 0.43046875 0.171875 0.2578125
0 0.22109375 0.65625 0.4421875 0.19375
0 0.90625 0.9484375 0.1875 0.103125