0 0.357421875 0.3140625 0.20078125 0.1515625
0 0.3471664123713949 0.15983798052961765 0.19560845755093476 0.18968401510197933
0 0.134375 0.070703125 0.1296875 0.14140625
0 0.67578125 0.259375 0.1921875 0.2609375
0 0.069921875 0.4109375 0.10703125 0.0421875
0 0.1296756875443455 0.46848176249126716 0.06221871974937905 0.08737401985163196
0 0.297265625 0.425390625 0.05234375 0.07109375
0 0.28330747506303416 0.5520271135555725 0.038758493851679884 0.0829222559839236
0 0.28132532727687265 0.6813876318401386 0.036232936670087666 0.05161770459715278
0 0.30562764221751193 0.5608838753812496 0.03507041246959073 0.12033133700597229
0 0.39453125 0.42890625 0.053125 0.078125
0 0.12313382566614565 0.7542195673449651 0.062459614264988875 0.12878026985163196
0 0.058671870747489585 0.8213538223789583 0.05533746067419267 0.11299161569131932
0 0.7359375 0.62265625 0.3125 0.3796875
0 0.9188265581049482 0.537842499621944 0.062486885342227794 0.13346776985163195