0 0.28883780878812393 0.2243972465689307 0.3080364381758681 0.40435327229572965
0 0.708984375 0.3578125 0.11796875 0.2640625
0 0.3405229865724044 0.7763835865358524 0.3223369674053281 0.3063363893760087
0 0.8195716405707548 0.7285569997970747 0.08729907468974858 0.13318919443590288
0 0.7344453085570147 0.7370281045565947 0.07069659639736088 0.09850283799928547
0 0.8012643986861694 0.8898360303030639 0.11721389522286181 0.14307764666547573
0 0.8593023876345075 0.8346402499231254 0.08402932218246591 0.15479104282674855
0 0.9175778888881488 0.8278000240604404 0.06982441818411544 0.09532320767745475
0 0.9144505403792168 0.9078863618076245 0.046531670691398117 0.07186392834435935
0 0.974609375 0.953125 0.05078125 0.09375
0 0.7795562259164539 0.7600639079009541 0.041457725785105204 0.058254896413374266