0 0.58515625 0.253125 0.1296875 0.278125
0 0.60703125 0.574609375 0.0859375 0.08984375
0 0.507160809024427 0.5058622398446592 0.1028394742194024 0.17398292154477701
0 0.10546875 0.02578125 0.0890625 0.0515625
0 0.37395211923424887 0.29642990421956444 0.11422070952008134 0.21231871369925476
0 0.3021003312985215 0.12408447813719423 0.1009328154675467 0.24191985528799842
0 0.316015625 0.473828125 0.14765625 0.29140625
0 0.4235958358788777 0.5421060185827491 0.09389052012638803 0.10754485528799833
0 0.612109375 0.446484375 0.07578125 0.09765625
0 0.582421875 0.037109375 0.06640625 0.07421875
0 0.43196323270071685 0.17368301106919182 0.08523921641748622 0.18090963241536145
0 0.18359375 0.0609375 0.0921875 0.121875
0 0.7078125 0.478515625 0.115625 0.28203125
0 0.7505798962580418 0.2645168288875995 0.15751700814060038 0.2188186985739443
0 0.671484375 0.255078125 0.04296875 0.12890625
0 0.709375 0.107421875 0.11875 0.21484375
0 0.3999746294110141 0.8138441423157078 0.2063440117586449 0.3159482286281735
0 0.214453125 0.975390625 0.06796875 0.04921875
0 0.2727570321699761 0.8256078232302588 0.14036712969189793 0.23433915944452863
0 0.733203125 0.89375 0.16640625 0.2125