0 0.4002678217094612 0.37697562094146003 0.0357876027754692 0.09311951418576499
0 0.56796875 0.341015625 0.0828125 0.22265625
0 0.60234375 0.3984375 0.0140625 0.071875
0 0.5890625 0.53515625 0.040625 0.0890625
0 0.5625 0.05 0.040625 0.1
0 0.5683553174893923 0.16454630601647874 0.03632877224312168 0.10640076418576498
0 0.6505012905690911 0.43533603872986415 0.012992089923887918 0.03159098079967002
0 0.6500291052841081 0.3471457169431096 0.019763354752635465 0.10201714106622681
0 0.455078125 0.988671875 0.02421875 0.02265625
0 0.44739091283189697 0.7572666946086766 0.040254926882026074 0.049551370612255674
0 0.37328023942850236 0.9205389270909528 0.014490922927693361 0.030073944906292737
0 0.8876053483826164 0.8413570270181282 0.06510237106425798 0.1805884219450391
0 0.89609375 0.98046875 0.040625 0.0390625
0 0.8099737676031229 0.8511931966869941 0.0323469263877346 0.046980300079142265