0 0.1612735205656767 0.2901230116417505 0.09885834014010424 0.15845165252860874
0 0.078515625 0.4328125 0.15703125 0.1953125
0 0.703515625 0.48515625 0.18203125 0.1484375
0 0.928125 0.3140625 0.14375 0.490625
0 0.271484375 0.939453125 0.05703125 0.12109375
0 0.142578125 0.96953125 0.09765625 0.0609375
0 0.06328125 0.701171875 0.1265625 0.28359375
0 0.3890625 0.701953125 0.0609375 0.18984375
0 0.3731240765599299 0.8971908405269484 0.04873040036059031 0.11623507171465483
0 0.58671875 0.913671875 0.334375 0.17265625
0 0.6903379254852948 0.7424114508767081 0.2775301604285766 0.26039129163898184
0 0.534375 0.57109375 0.1015625 0.0234375
0 0.974609375 0.837890625 0.05078125 0.14296875
0 0.901953125 0.914453125 0.19609375 0.17109375
0 0.8852581674593398 0.8390121491325224 0.06339165919430556 0.07583011721114818
0 0.8594210596518053 0.906991391112958 0.048929115691319504 0.05774145126430419