0 0.017578125 0.321875 0.03515625 0.025
0 0.038766712029316586 0.34690763834738575 0.02469399740210996 0.018241470003181704
0 0.07880434507508827 0.3278263763526355 0.029326867080279095 0.017514764003817972
0 0.07541976005184517 0.30354853701861273 0.027474789976756897 0.02451874200349984
0 0.3783178440282448 0.24882259205917912 0.024349789976756853 0.024482379336408934
0 0.7234375 0.396875 0.3265625 0.125
0 0.16113070800643073 0.9407935580839961 0.03690442029858776 0.025409080004772554
0 0.23160138115501008 0.861079333426132 0.13340236188449897 0.05463405068427196
0 0.22721416593598692 0.8008230860916321 0.045388909654926125 0.023946577339272503
0 0.6247068889486802 0.593036763407042 0.02336644418380125 0.010419879336408932
0 0.5506711323279043 0.583965479730247 0.02665533514929379 0.012799992003499839
0 0.6001574981092384 0.5583481354033831 0.018624313861970342 0.009584085335772662