0 0.29296875 0.125 0.153125 0.25
0 0.1697023093563436 0.1255695874492421 0.10011659500534212 0.2106452082041347
0 0.09392973844002758 0.14133833821982184 0.044588302902557685 0.07145349784053164
0 0.0562176569556065 0.3507127394379836 0.10108632876327332 0.1491267173034334
0 0.1734375 0.473046875 0.159375 0.11328125
0 0.92890625 0.425390625 0.140625 0.20859375
0 0.851953125 0.2546875 0.25546875 0.509375
0 0.7908742207851643 0.09799709631782809 0.06639387023308566 0.1601550524363235
0 0.70390625 0.15390625 0.1671875 0.3078125
0 0.4926301498264394 0.2901588221022512 0.14584330117327715 0.35934232649501696
0 0.4203125 0.258984375 0.1015625 0.37578125
0 0.388671875 0.251171875 0.03828125 0.30859375
0 0.184765625 0.891796875 0.36953125 0.21640625
0 0.903515625 0.5828125 0.08984375 0.10625
0 0.843359375 0.555859375 0.07109375 0.05234375
0 0.73984375 0.60234375 0.078125 0.1453125
0 0.7501685535975618 0.7007454129429667 0.06300348620500192 0.10771117288667434