0 0.7878870323089706 0.0920929486101767 0.07587898442229637 0.12699959124814422
0 0.7246936235326696 0.21298584237979798 0.0806771059523812 0.10467088986866324
0 0.8547245346207099 0.31552160391333006 0.06623387415097852 0.11014296189493056
0 0.8494163278792929 0.5568409837187993 0.08751739126984148 0.1385103013340526
0 0.6372639304402007 0.4633122696183616 0.20725460209486987 0.3666939343053107
0 0.866796875 0.010546875 0.06171875 0.02109375
0 0.9422868877214846 0.19570320923919757 0.0413247092838688 0.07379934814554918
0 0.224609375 0.8296875 0.31015625 0.340625
0 0.649609375 0.6921875 0.20859375 0.065625
0 0.7859375 0.76640625 0.146875 0.2140625
0 0.826953125 0.936328125 0.09453125 0.12734375