0 0.6323671879253849 0.1217891335402248 0.16450731456303558 0.22968698424818434
0 0.50234375 0.159765625 0.2 0.31953125
0 0.0671875 0.70546875 0.134375 0.4921875
0 0.6997981487464623 0.801731531648563 0.11563936736742608 0.12845945303441758
0 0.7974051501032291 0.7575912289934479 0.0826697371097012 0.0930960378817268
0 0.7394875087642278 0.6604130821776465 0.06729372060135788 0.08172810318419862
0 0.7049050084813142 0.5632748739973271 0.06737560775648746 0.08329060318419863
0 0.8355939651185201 0.5261579625530693 0.07753185775648763 0.08411965060882318
0 0.5581401328597166 0.6993314807450266 0.17565949852966192 0.19014612318807805
0 0.421484375 0.70546875 0.08359375 0.1390625
0 0.9567580173013128 0.737582198154134 0.05783683344622812 0.07940032863839157
0 0.978125 0.8640625 0.04375 0.0703125
0 0.960546875 0.947265625 0.07890625 0.10546875
0 0.8710960770031082 0.8729295089146779 0.09935927012638804 0.11468399545807202
0 0.9108927790041872 0.7518279001255354 0.05475609905006031 0.06514651000193972