0 0.059765625 0.265234375 0.11953125 0.37421875
0 0.21640625 0.132421875 0.0328125 0.26484375
0 0.275390625 0.41015625 0.14140625 0.21875
0 0.301171875 0.012109375 0.11640625 0.02421875
0 0.28567424451982804 0.1090058146963829 0.11518644358660848 0.1611155775747511
0 0.455859375 0.0234375 0.12109375 0.046875
0 0.41227547503806744 0.2981660491186793 0.10647173701106123 0.28775842072720587
0 0.387109375 0.080078125 0.11328125 0.16015625
0 0.1 0.759765625 0.2 0.48046875
0 0.372265625 0.562890625 0.08828125 0.08671875
0 0.4844656923654972 0.8826167450627546 0.040112531249588114 0.0626594887412331