0 0.548368506103604 0.27195568374615736 0.04766226167848249 0.05551587921876031
0 0.498828125 0.3234375 0.18203125 0.4125
0 0.31804619978950904 0.4738914174616795 0.039136707838416565 0.05755952885594055
0 0.2532437338024245 0.45676963288936634 0.02932979882550102 0.042388396641955414
0 0.93203125 0.128125 0.1359375 0.2515625
0 0.8375 0.0484375 0.1546875 0.096875
0 0.074609375 0.717578125 0.14921875 0.37578125
0 0.304296875 0.76484375 0.57109375 0.4703125
0 0.8712424017886843 0.6814422672339361 0.09235028754272996 0.14292659918169334
0 0.83828125 0.57421875 0.06875 0.0890625
0 0.79921875 0.5625 0.090625 0.065625
0 0.7587501046457894 0.8116344649219416 0.040145278371529966 0.06539931070710595