0 0.243359375 0.271484375 0.47265625 0.54296875
0 0.6735978992316973 0.24149799321473608 0.26597465486088695 0.3464043784802454
0 0.550390625 0.528515625 0.14140625 0.08203125
0 0.712890625 0.497265625 0.16484375 0.14453125
0 0.8890625 0.38125 0.221875 0.3765625
0 0.367578125 0.971875 0.10859375 0.05625
0 0.7996274134614549 0.8559316518228186 0.052742104851188645 0.07515281930985207
0 0.7206173874781787 0.808371277869662 0.026833438031508016 0.033724789976756854
0 0.6843127743766294 0.6852262138816408 0.04129442182065048 0.06813799480421992
0 0.8066423011934004 0.7314943805354951 0.024744779546777097 0.03668589901126431
0 0.6771465066437139 0.8355813109735415 0.025781121062046174 0.03986552933309504