0 0.34067943154061514 0.34090599813317723 0.061059516805913996 0.0827173247398008
0 0.8490948262750976 0.57576845940651 0.05066584486680377 0.057226001809022264
0 0.6771143386509778 0.3099581340451115 0.024742673421985016 0.03325955732694626
0 0.7661410172630245 0.2578622461548128 0.04600751977166349 0.09596095318850324
0 0.8177307156281441 0.30793250621800683 0.03741642836490087 0.05731121099041943
0 0.7390221130998208 0.39501754777177867 0.04047776136870649 0.05591248530067894
0 0.97890625 0.469140625 0.0421875 0.09609375
0 0.9774499196776171 0.33665891140758875 0.03947367688202626 0.05040279172311415
0 0.973046875 0.2125 0.05390625 0.1375
0 0.6987479636323873 0.5091702399925768 0.017838757414373775 0.03601606512886235
0 0.6931790431947423 0.32880717096275636 0.031070927870609298 0.0546399123699004
0 0.7046689942784657 0.36385773999257687 0.028967258402956907 0.04127677521477082
0 0.260546875 0.919140625 0.19296875 0.16171875