0 0.009765625 0.07109375 0.01953125 0.0875
0 0.25939405567107743 0.29576265459900314 0.02373290258848364 0.04555794800286357
0 0.24055726755925005 0.344386513267844 0.016899073663405772 0.02205681333545435
0 0.23614241883231574 0.29954645426879845 0.02629646046687384 0.06276362933640893
0 0.58828125 0.153515625 0.0375 0.03515625
0 0.05435627960977328 0.7601236116526143 0.07912532885449057 0.09851077267663584
0 0.19193739252395653 0.5024463769692968 0.05156177097610026 0.08101419000636341
0 0.1890798901048821 0.7257656983012515 0.051432968359381714 0.065398280673136
0 0.2738671728844504 0.6037674269573656 0.053033265714428346 0.07946987133990877
0 0.24583775980791672 0.6895824766271609 0.01813534997176518 0.029878404002227122
0 0.2814112387612293 0.6954143059556157 0.02002407366340595 0.022093176002545435
0 0.3354602438817268 0.5448870472827978 0.028230686789350656 0.05575965133672707
0 0.38968501229757824 0.5387910412754799 0.0265694762518895 0.06745112933640911
0 0.4710981241433986 0.5417473165977305 0.0205168973268119 0.04395908533577249
0 0.361648622969155 0.6917481376114116 0.03168191048099143 0.047992604670590744
0 0.329852226887174 0.6612796612826386 0.027502644695975853 0.043259651336727246
0 0.69375 0.823828125 0.2484375 0.18515625