0 0.370703125 0.24296875 0.09765625 0.34375
0 0.828125 0.21484375 0.34375 0.4296875
0 0.1875 0.709375 0.375 0.559375
0 0.896875 0.8609375 0.20625 0.25
0 0.606640625 0.90625 0.13203125 0.1875
0 0.52734375 0.9640625 0.09375 0.071875
0 0.459765625 0.98671875 0.06171875 0.0265625
0 0.4767660113093578 0.9119927312818433 0.08278094987294296 0.13446645401018137
0 0.4984300022426066 0.7604663202777071 0.06473660516284988 0.10615055000795426
0 0.4588137653967861 0.7648361942831159 0.05422403939195171 0.08651021200668155
0 0.429296875 0.845703125 0.01953125 0.05546875
0 0.428515625 0.965234375 0.01796875 0.06953125
0 0.75859375 0.452734375 0.1109375 0.04609375
0 0.428125 0.7296875 0.0171875 0.084375