0 0.366796875 0.44140625 0.40546875 0.096875
0 0.693359375 0.062109375 0.24765625 0.12421875
0 0.3141991872006599 0.783953343902194 0.07453691256778647 0.05987738057393237
0 0.2408253197142173 0.8000260941542955 0.05019089754067192 0.03630884059717552
0 0.47877048686869494 0.7927661611567964 0.06506646379745078 0.04281556671196203
0 0.3455668409878479 0.6676510007071285 0.0416380541565303 0.042739157057036084
0 0.4683935352205907 0.6883709151796823 0.04631191861791084 0.040723188988021165
0 0.48350291778324606 0.6658212489039803 0.02981476502711473 0.023950952229573018
0 0.5465864524732643 0.6274118178356801 0.042373852361132155 0.03498128737886681
0 0.2809523621141847 0.644423627258175 0.1072630541565303 0.04732810409082884
0 0.39060689065588294 0.6848222572018535 0.08637383723582168 0.08100933540139543
0 0.78046875 0.711328125 0.421875 0.44296875