0 0.387109375 0.416015625 0.21953125 0.06796875
0 0.278125 0.34557180560169687 0.11484375 0.06126577189922511
0 0.4390625 0.23486783698781677 0.0890625 0.04476988433001132
0 0.56484375 0.14672928324104645 0.0828125 0.05765061613141391
0 0.33828125 0.12882619294019798 0.0734375 0.04611233883351815
0 0.070703125 0.4104265033176443 0.06484375 0.052592876310446714
0 0.091015625 0.31224981917220307 0.0640625 0.044730311535622035
0 0.144140625 0.2627516644841261 0.08046875 0.05437542180693988
0 0.901171875 0.33561715531099845 0.1625 0.07916347316352948
0 0.87734375 0.2558941309431505 0.12734375 0.04722305829641975
0 0.41953125 0.930078125 0.3640625 0.13984375
0 0.7734375 0.509375 0.1875 0.11875