0 0.184765625 0.325 0.36953125 0.65
0 0.851171875 0.604296875 0.23046875 0.09140625
0 0.8289356804895422 0.3503304257264057 0.16983278361768636 0.3158313258918568
0 0.7776006299743774 0.2070588025531297 0.11863529129135611 0.20648755357072252
0 0.6599295538275461 0.43851642106030797 0.09348100332399234 0.18342220048646726
0 0.6894275076736699 0.11633943506189656 0.05949524440092269 0.10558752678536125
0 0.691210706846155 0.020540852675570365 0.039453586307690004 0.026435814934808156
0 0.46275180558978857 0.4855319456152033 0.05312684523075957 0.10391593262956
0 0.386328125 0.5578125 0.03359375 0.1390625
0 0.66015625 0.6265625 0.08125 0.046875
0 0.5636076010303296 0.2901569902574721 0.06407692324007978 0.14545855032431163
0 0.659375 0.755859375 0.5796875 0.21171875