0 0.11823363594493945 0.35936008225631966 0.06349940730913754 0.11613479948690966
0 0.6977504881450067 0.0891515123943579 0.01997364641337427 0.040243793502986236
0 0.8124681880287913 0.21271825859463575 0.008107430942249394 0.0267079703647223
0 0.813113044213307 0.1550148613681775 0.006233574505631978 0.011064786569131967
0 0.6977504881450067 0.0891515123943579 0.01997364641337427 0.040243793502986236
0 0.8124681880287913 0.21271825859463575 0.008107430942249394 0.0267079703647223
0 0.813113044213307 0.1550148613681775 0.006233574505631978 0.011064786569131967
0 0.040571408695696046 0.8466568475004692 0.022645178344359352 0.044985844889756876
0 0.09073298672001098 0.7218578490675351 0.024551885769712456 0.038790396276527875
0 0.09839783925979315 0.7645450768410769 0.024131268689433584 0.021621080072118028
0 0.14637079953513785 0.8148003031897227 0.016411603838727373 0.033921058320624906
0 0.03356248399607011 0.7018077076828303 0.031167872528160778 0.05532393284565966