0 0.178515625 0.337109375 0.18359375 0.12578125
0 0.505078125 0.2296875 0.15078125 0.340625
0 0.5950099377801568 0.15392616360181438 0.10818222453146405 0.07011658175849825
0 0.7581081570992001 0.1935715227186407 0.10959997202418137 0.09201886360966363
0 0.701871354710631 0.2591171498068163 0.15447220282385174 0.10529267912609308
0 0.9348334446419301 0.33944456182620025 0.11939250917119999 0.07987352767481415
0 0.988671875 0.273828125 0.02265625 0.05390625
0 0.1921875 0.822265625 0.384375 0.35546875
0 0.7467574404520414 0.5474095515321722 0.03381872202418137 0.08937252404661714
0 0.505078125 0.528515625 0.13984375 0.25703125
0 0.715234375 0.45859375 0.06328125 0.1171875