0 0.1795680231298471 0.15391003347600493 0.054251683645025396 0.061257447730414506
0 0.005859375 0.41171875 0.01171875 0.096875
0 0.05162378854974525 0.38699037358720556 0.040961343285945875 0.05923115626060227
0 0.01640625 0.274609375 0.0328125 0.05859375
0 0.27788455499119513 0.31245295357401426 0.0857334878015557 0.10219247177703181
0 0.3845254404316186 0.24897578533251244 0.14401414129415607 0.18468007876327325
0 0.20963601600907325 0.4253274484482047 0.04248748184962743 0.053035719962933214
0 0.325 0.466015625 0.134375 0.12734375
0 0.189453125 0.503515625 0.12578125 0.05234375
0 0.015864331873068505 0.15366323565684775 0.02052157825883123 0.03664682813030114
0 0.981640625 0.237109375 0.03671875 0.24609375
0 0.9292968036259579 0.3657205692718534 0.08823177390590917 0.12883681733052796
0 0.8682391168085765 0.3170945689553674 0.0701175781606354 0.10320933475372307
0 0.9332831151487516 0.21778282167651514 0.07091700887879462 0.10636161660488845
0 0.837393898228043 0.1792709039831676 0.05130849082661779 0.09239832032575279
0 0.7655976575487189 0.36469252145269626 0.07597266842151917 0.1698065577118811
0 0.776171875 0.476953125 0.06171875 0.10546875
0 0.7407797251707349 0.2653683612898199 0.04584428600615773 0.09298859736759475
0 0.83984375 0.01875 0.0390625 0.0375
0 0.7927836284669435 0.05698543161557277 0.03870849687674198 0.07477431070710594
0 0.762890625 0.03046875 0.05390625 0.0609375
0 0.6900649011549093 0.11786463411290167 0.04983234923787414 0.10718750662342194
0 0.7222961390546608 0.08460819001068423 0.034770430619963474 0.06916915145127885
0 0.6991282959160088 0.23890878225246953 0.033167024004105095 0.0620833377489479
0 0.324609375 0.962890625 0.17109375 0.07421875
0 0.308984375 0.6671875 0.18359375 0.275
0 0.043807524691476196 0.8642609736759482 0.06955449677854623 0.1406820529025577
0 0.846875 0.6875 0.30625 0.315625
0 0.6206823398776051 0.7282453453642372 0.16315048155503983 0.2517410931912437