0 0.0765625 0.0046875 0.046875 0.009375
0 0.15390625 0.026953125 0.0359375 0.05390625
0 0.6235701257798223 0.0751679112937567 0.003506945916315907 0.011174298340326062
0 0.6203570737843138 0.12255193546391974 0.00674107332097762 0.014536096680652122
0 0.40234375 0.9625 0.146875 0.075
0 0.416168114705972 0.6399897344289458 0.061376498818873595 0.08412746888111347
0 0.250390625 0.50625 0.09140625 0.1328125
0 0.15546875 0.9703125 0.0359375 0.059375
0 0.043984335259468245 0.6658545867202862 0.03747520734906138 0.069070231328668
0 0.13572913575736417 0.5934512342284531 0.028318462158384784 0.07460983630768991
0 0.15929932777140604 0.5655625712610892 0.022177589563046496 0.07726123962703779
0 0.97421875 0.448828125 0.0203125 0.01796875
0 0.9390327123900528 0.4711369731189336 0.01429067849312098 0.029912642946385716
0 0.9264930176548631 0.5624723681399117 0.006904764427970278 0.01922359668065212
0 0.9205890026363297 0.5418818146131047 0.0067956370233083875 0.01609859668065212