0 0.34979315188312 0.15564354315668377 0.04350460228117754 0.09123512440943689
0 0.34853375216854054 0.2727082748264394 0.08197153608328592 0.1737128077118811
0 0.98984375 0.25859375 0.0203125 0.1171875
0 0.959375 0.377734375 0.08125 0.08359375
0 0.918359375 0.36796875 0.06640625 0.103125
0 0.9115569935370283 0.31372263866777106 0.04815761018984297 0.1288442518140986
0 0.2046875 0.709765625 0.409375 0.58046875
0 0.6420290493733871 0.5331633805891457 0.05310509536109542 0.05880457032575279
0 0.45727474079983405 0.8169543265478707 0.050726853269760674 0.09616816106992569
0 0.522251789221819 0.7826996056778883 0.03979201186299815 0.05755952885594055
0 0.4781913952101835 0.6769692054501448 0.04288517836490087 0.05688740626060209
0 0.7461687682330173 0.6769728895748204 0.08357118676785795 0.09809524881887359
0 0.8503648255522508 0.5992211398488975 0.14072445357377178 0.1796651965492881
0 0.6819073262750976 0.7989681852633929 0.041881093878220456 0.05139137440943671
0 0.8003356854577668 0.8697258574071688 0.1289712114824372 0.21670140507947586
0 0.93515625 0.904296875 0.1296875 0.19140625
0 0.6665940495833519 0.9258853493285434 0.12350777866891213 0.14005705952597972
0 0.47843808741524885 0.5560391465571375 0.020182507414373774 0.03581101442797028
0 0.419140625 0.728125 0.01953125 0.0546875
0 0.4352239745068022 0.6975830504130779 0.030561591901054185 0.0416344284931208