0 0.1724622985482874 0.08343505385201593 0.06541189744247618 0.0999206436467305
0 0.37518400839732013 0.428473523857358 0.015011921642972936 0.029424605172143004
0 0.364176058114453 0.4402009529410421 0.015693177693097127 0.012264387023308565
0 0.41796875 0.5296875 0.034375 0.1
0 0.4010288909108775 0.4184363249458172 0.025195442720211857 0.03446676923729371
0 0.419978878810629 0.38471608937378743 0.016538060206654492 0.02322916887447395
0 0.43213117257583367 0.4449182239924342 0.020630662567786652 0.05539682813030104
0 0.46308599634616965 0.42958960711346866 0.037155087235821685 0.07628224700477518
0 0.245153086901641 0.5501302524894797 0.05968407220870695 0.05519842068857237
0 0.2758331877502421 0.5148661196849315 0.05337043969514967 0.04404266587924912
0 0.3026002208295335 0.4806374526245559 0.0628045270291672 0.05452629809323426
0 0.35263658226585193 0.4761334910991433 0.03926248789975162 0.035739092558271325
0 0.4205950110786967 0.21165557344820476 0.016528969847574793 0.021666668874473948
0 0.9498439012531051 0.2189757555271136 0.00948862948849527 0.01985863221398514
0 0.9498439012531051 0.2189757555271136 0.00948862948849527 0.01985863221398514
0 0.400390625 0.929296875 0.17109375 0.14140625
0 0.5946266273962939 0.6878572029410421 0.010297150565734015 0.0245734140651507
0 0.5946266273962939 0.6878572029410421 0.010297150565734015 0.0245734140651507