0 0.081640625 0.38515625 0.16328125 0.4890625
0 0.562890625 0.30078125 0.28671875 0.6015625
0 0.6125 0.562109375 0.171875 0.13515625
0 0.030859375 0.945703125 0.06171875 0.10859375
0 0.077734375 0.990234375 0.04765625 0.01953125
0 0.037109375 0.98828125 0.03515625 0.0234375
0 0.7476061164884624 0.6927857391242165 0.05355632475773371 0.0874289512643042
0 0.7207053088691157 0.8193686243032495 0.045175742206329875 0.05655968306570695
0 0.767853096500084 0.7062468630444825 0.05690519988378444 0.12419776603912887
0 0.551247973593771 0.857948609653009 0.0850137743894166 0.13688753315799218
0 0.4749670199392023 0.9107394929817278 0.07449153763096839 0.11988050586009624