0 0.2330737096420341 0.4402032686904498 0.08174394970043757 0.09261929205628192
0 0.29629163804605546 0.30500585163416805 0.04547173879011233 0.05961134933607006
0 0.33674129486379645 0.2930462071185581 0.032541304092584156 0.044699421642972935
0 0.35316326244208146 0.36017007460500083 0.033848712577315254 0.04158351200205246
0 0.3425283935060673 0.45011836373441644 0.022273483789142467 0.03370737948849527
0 0.2685012844874038 0.3571453289953002 0.025908666819680626 0.03997556020665449
0 0.24049680955259606 0.07631549766230897 0.10939045970237729 0.1443181474424761
0 0.7281231303996687 0.12130152605671345 0.03670251666989941 0.0861102168225127
0 0.7509066038124186 0.218480792645457 0.049664902275813105 0.08228123487468952
0 0.13618331440863382 0.5944410563564324 0.02429836939505616 0.029814765027114554
0 0.06936163813064437 0.8578452866444308 0.04298459651623894 0.029142599336070062
0 0.13756235456132462 0.625697874125742 0.02442591515269079 0.03137726502711473
0 0.15899815850897675 0.8452086708178129 0.025940488790112327 0.05949771984757497
0 0.9100036450884683 0.6925152024336712 0.03429512272903601 0.04705226200205255
0 0.953515625 0.945703125 0.04609375 0.10859375