0 0.399609375 0.26796875 0.13984375 0.3234375
0 0.070703125 0.3546875 0.14140625 0.15
0 0.758984375 0.026953125 0.09609375 0.05390625
0 0.3161524252665712 0.6502511905536592 0.03646530601527207 0.11413742865988183
0 0.29474504726291234 0.6781867727495883 0.026299418006045093 0.045732031017246655
0 0.28415244525782163 0.7161598076957763 0.013817599339590637 0.04671233416039975
0 0.11924533426163961 0.6957307223972208 0.02562725600731781 0.055070643713693815
0 0.15079505259391243 0.7020695366033272 0.014362492003499839 0.026436221463952768
0 0.2779765389481387 0.5423231243830821 0.037827811346272 0.0970227032669877
0 0.9479964955840494 0.8031129211160944 0.04354146200668154 0.051220051695410974
0 0.9351575112786616 0.5979630985353765 0.07275734201940817 0.1462799946233165