0 0.333984375 0.068359375 0.09140625 0.12265625
0 0.24823740608706704 0.047155473014050917 0.07922831411407198 0.08880715060882309
0 0.08856193931699732 0.0644620152927736 0.054299369930270645 0.07667394136548786
0 0.018359375 0.14296875 0.03671875 0.075
0 0.049251289927580696 0.19894852112723846 0.06212829542463853 0.06643794303247788
0 0.07114022049167792 0.28027833392922546 0.07908620248167449 0.10899210485118864
0 0.1678756037895511 0.17994381642583104 0.09465657215984366 0.10948631242753386
0 0.1341640164205195 0.06773066544255482 0.05253477413731504 0.06254766848667045
0 0.9234375 0.38046875 0.153125 0.0984375
0 0.194140625 0.71484375 0.36328125 0.5703125
0 0.31953125 0.90234375 0.1203125 0.1953125
0 0.515234375 0.746484375 0.27109375 0.50703125