0 0.5757214198042301 0.07423594372611086 0.022846426764564675 0.043977266669318026
0 0.02860916015621413 0.8651927530633152 0.017152533818179095 0.03064147266868176
0 0.5642199705198876 0.9227688957272246 0.03005619813518905 0.09791987933640893
0 0.5862291768532 0.6993904850612471 0.014631185062934548 0.028270450668363624
0 0.573652032869518 0.7105822500596564 0.015613344606059698 0.010328972668681758
0 0.6122274355641661 0.810337349399247 0.03280268983681935 0.1135630606699543
0 0.47383223016790355 0.8927854017146568 0.024953378424238615 0.04087953866963616
0 0.6134132724965559 0.6914964427315198 0.025142632573423463 0.03307612933640893
0 0.6373840300699793 0.6589339360677696 0.016501338382282425 0.022047722668681758
0 0.6405789624336216 0.7199623427354969 0.019768970955705713 0.05486931333545435
0 0.6736758049650887 0.7062725600731785 0.036873960582743594 0.07458237667090888
0 0.43771268763875854 0.8122163807089299 0.0600387734452168 0.050654528007635945
0 0.47382242000472274 0.7794041543801569 0.05446327966899407 0.03888123400699968
0 0.5059963025781463 0.7469370997175204 0.06304537427505377 0.04912839067472703
0 0.5561147017483093 0.7459564023909746 0.039145932988341944 0.03245851133831792