0 0.21164936823682262 0.5347913288436665 0.08263123400699968 0.0582586522758131
0 0.1430590022477994 0.45960774005840344 0.04096135467059074 0.03222243969849785
0 0.19761123693111687 0.33261493429882927 0.022874426002545432 0.02059941348570078
0 0.42219815893541207 0.28267149307827344 0.03936249200349984 0.0289698939408634
0 0.4533342519295259 0.323448066486174 0.044049992003499835 0.02935253121376711
0 0.514453125 0.19921875 0.02890625 0.025
0 0.7602606855904126 0.8828615223351864 0.029951129336408932 0.02507961939505634
0 0.6667558599220491 0.9029823813538499 0.05037271733768165 0.03611271424430527
0 0.8330661105784813 0.9647256102869546 0.05992044000636341 0.051721738790112326
0 0.6333661025819811 0.9552702172641752 0.08812725600731781 0.06104881242753386
0 0.8887950392664121 0.803684656648563 0.04176078600413611 0.033848712577315254
0 0.9724206066001166 0.7941265836151155 0.028379538669636162 0.024170823637421533