0 0.3046875 0.1796875 0.2296875 0.359375
0 0.91015625 0.3140625 0.1796875 0.090625
0 0.837890625 0.13828125 0.22578125 0.2765625
0 0.7109375 0.33671875 0.0921875 0.0453125
0 0.5234375 0.291015625 0.078125 0.13671875
0 0.6412385291074321 0.17643526023438377 0.09392770802239614 0.20009635339082213
0 0.5947720473962208 0.08738772280699632 0.050408518288788694 0.08890198821317571
0 0.455078125 0.3328125 0.05234375 0.053125
0 0.4542385948110321 0.2514779938994455 0.06107144566510645 0.14008349855225788
0 0.543359375 0.072265625 0.10703125 0.14453125
0 0.69130884258672 0.27308660917953576 0.07532494665368965 0.14542597001621066
0 0.288671875 0.509765625 0.21796875 0.30078125
0 0.079296875 0.812890625 0.15859375 0.37421875
0 0.903125 0.740625 0.19375 0.478125
0 0.7199418492596564 0.6730085073388996 0.10036605041774198 0.24328342721213972