0 0.09627297710525333 0.06606274553247786 0.03585258346523723 0.05138126785690744
0 0.08370595519978537 0.10844313737508796 0.023610996239076344 0.033207966314779826
0 0.041796875 0.63671875 0.08359375 0.14375
0 0.183203125 0.563671875 0.06015625 0.06796875
0 0.295703125 0.56328125 0.05703125 0.0671875
0 0.14574347087030076 0.7113123084403388 0.05275893863808663 0.06885514001588611
0 0.20416372463122445 0.7451612029204517 0.054503295064577365 0.0751324135548364
0 0.0156521482588698 0.7766540032464109 0.03011104882550105 0.04191081047058134
0 0.2865162292168245 0.7086888019458694 0.031400764185764984 0.03256308400953163
0 0.42138363153256886 0.5597942674482228 0.03884119114536908 0.04674831493480802
0 0.5824359660535915 0.6414047546644501 0.023679192399010417 0.035551716314780005