0 0.16599333810784306 0.22548898030713754 0.13905506551642938 0.04613120735199914
0 0.7647669490811768 0.860235329288684 0.05371776624206879 0.06231873400699968
0 0.6091580725835645 0.8804128376432283 0.06364583774894798 0.03353975334181776
0 0.8090551350623599 0.7968038096157068 0.03434028366526398 0.04413180800445442
0 0.8703497717691825 0.7503688859405028 0.03575645072563951 0.017596580004772554
0 0.8857379141923776 0.7322137772716619 0.013745041469812235 0.013435791335136216
0 0.9038058679132419 0.7124643512691167 0.010456350362819578 0.008711928668045488
0 0.9042274920061926 0.6909663402689575 0.02010416887447395 0.016633516669318026
0 0.9117907381039185 0.706118899268003 0.012100695916316084 0.011073860001590852
0 0.9554539307085236 0.6919334015953442 0.05151785998146661 0.021684643340227083
0 0.9381597925040885 0.7562231682646623 0.08330357332097763 0.015026110677908554
0 0.8465303424114214 0.8628009796109344 0.03748264183263199 0.02230226133831792