0 0.519140625 0.057421875 0.12109375 0.11484375
0 0.4195545733457637 0.0480164404192732 0.09052556043863902 0.09565735129259441
0 0.44250934954824217 0.1665044787082807 0.07343677097610027 0.08327009783255317
0 0.4441239639190176 0.2748986046968639 0.074309026237772 0.08486443133065044
0 0.3139474928935064 0.25161959013385254 0.08372952886860804 0.08602768330781671
0 0.29586004014267225 0.3780448038220115 0.09218677097610026 0.08403410178688589
0 0.551953125 0.21015625 0.05546875 0.1953125
0 0.035546875 0.443359375 0.07109375 0.07265625
0 0.1468331930135046 0.13195766549472907 0.08981990514873237 0.12368685079830274
0 0.267578125 0.017578125 0.06484375 0.03515625
0 0.313671875 0.01796875 0.06015625 0.0359375
0 0.1471267730422388 0.37901504346047865 0.0609444762518895 0.06951134536109542
0 0.8106828613870037 0.3064509881184113 0.04999927097610026 0.0823150928896375
0 0.28984375 0.73984375 0.5796875 0.5203125