0 0.10859375 0.11328125 0.2015625 0.2265625
0 0.327734375 0.21875 0.16328125 0.4375
0 0.810546875 0.138671875 0.37890625 0.27734375
0 0.373046875 0.583984375 0.07265625 0.26015625
0 0.787890625 0.615625 0.31796875 0.33125
0 0.5603958226640467 0.5352374166505027 0.04926766250491763 0.08247753121376702
0 0.8661828679241971 0.9137380332309641 0.16121564146969564 0.16152691561173266
0 0.975 0.955078125 0.05 0.08984375
0 0.6078125 0.972265625 0.090625 0.05546875
0 0.6897489129706834 0.8794262258889889 0.16461379307885 0.16568825712700175
0 0.5691800508340829 0.7619832475598581 0.07940863057393237 0.08027717348764049
0 0.8802130629027405 0.7660579489876289 0.11814334864294729 0.0787783174285039