0 0.17121691935437983 0.22143517672482355 0.2192732165279251 0.23691398400322292
0 0.705584580704223 0.37273731238934166 0.15956641842151917 0.17642453405969255
0 0.640234375 0.548046875 0.13828125 0.06328125
0 0.1109375 0.608984375 0.16875 0.05859375
0 0.8496618336310892 0.7791462070853175 0.12525907523376922 0.051811670933748034
0 0.6773070567492159 0.9387434095538028 0.04008918969514967 0.0445081341726322
0 0.8151484660955486 0.737811699157516 0.02664885841125635 0.016390839448421346
0 0.7731584209651068 0.7734492149072381 0.024396012002052457 0.031879331555913736
0 0.8767132008720422 0.6264499939523139 0.030623286104353654 0.02833710260260105
0 0.98359375 0.715234375 0.0328125 0.03046875
0 0.9361831287615312 0.7409150413779477 0.05559601502711473 0.025105686789350656