0 0.116796875 0.333984375 0.19140625 0.19140625
0 0.21406473318878438 0.2412430249989062 0.2639229085287155 0.30656697087397744
0 0.4396544001247046 0.20052187726149323 0.01865973423243057 0.030419670456235438
0 0.4797062839584198 0.24359938591159597 0.007340374525034577 0.01356775148287479
0 0.390234375 0.329296875 0.04140625 0.08515625
0 0.4396544001247046 0.20052187726149323 0.01865973423243057 0.030419670456235438
0 0.4797062839584198 0.24359938591159597 0.007340374525034577 0.01356775148287479
0 0.23742590534932245 0.87286112157714 0.027780814304548686 0.05342608893530461
0 0.6262971488904336 0.7555595457405623 0.01795121941479181 0.03351283695813834
0 0.6774647780229508 0.9762109326035604 0.010756315254479176 0.02619508547526337
0 0.7122960059386626 0.8740163977745941 0.007413109707395904 0.016692751482874614
0 0.7121424234917182 0.8302186475274482 0.006522756933854268 0.011973417984777513