0 0.312890625 0.271875 0.13359375 0.35625
0 0.8476112279668433 0.3980071140305908 0.08912350840295709 0.042899317330527965
0 0.6476026049440097 0.39562990885452304 0.1678215113687065 0.05969000244707079
0 0.54140625 0.434375 0.103125 0.03125
0 0.7353778248108134 0.33795504615190863 0.09124442391627667 0.03751241288402411
0 0.991796875 0.33828125 0.01640625 0.03125
0 0.9516872450199031 0.3136283802302506 0.07308467292769336 0.0321974303072194
0 0.968359375 0.268359375 0.06328125 0.04296875
0 0.8618700113315254 0.23953117051893652 0.10533875741437378 0.03878473620500191
0 0.9036363821300469 0.2579661846304207 0.0674567554372075 0.028100207349061358
0 0.7482412514456938 0.2903074752355927 0.060393671939110403 0.027073420688572547
0 0.205859375 0.778515625 0.34765625 0.44296875
0 0.8526522022822712 0.49528762455628694 0.07518834239534584 0.04553324400955035
0 0.5832788252865144 0.7114310128455398 0.40432403855474386 0.19667168039203736