0 0.006640625 0.148828125 0.01328125 0.10234375
0 0.01411970860249454 0.17697676168212578 0.02733979586008468 0.045768418320799586
0 0.043300671061955585 0.1717006605653606 0.0352886635548364 0.05394479135632881
0 0.044360384941103524 0.27713302326180766 0.05045969602224041 0.07338615012383443
0 0.817578125 0.039453125 0.15390625 0.07890625
0 0.7041354898504351 0.258829306243525 0.17639845332584114 0.3118750694780914
0 0.829627503446634 0.20339592441909948 0.08172906128136023 0.16539386765884584
0 0.801171875 0.466015625 0.21328125 0.14765625
0 0.9485858064084486 0.3326639513002624 0.042329596184396225 0.09954838978475226
0 0.9680983756039652 0.4666675969784267 0.051318812499176227 0.12260490012383443
0 0.953515625 0.1 0.09296875 0.2
0 0.365399182422746 0.7561678216474499 0.034367091720169364 0.09059076674922295
0 0.9005606791779828 0.5836816608749469 0.034439229707460585 0.05000215405277597