0 0.322265625 0.01953125 0.13515625 0.0390625
0 0.194921875 0.144921875 0.38984375 0.28984375
0 0.734375 0.036328125 0.25 0.07265625
0 0.28396779769175157 0.9017951199150962 0.1034892386359143 0.07218348550203046
0 0.1290629965550135 0.857095542492616 0.10855856818121908 0.09435887415097852
0 0.040625 0.83046875 0.08125 0.109375
0 0.10955308888409085 0.7900628840254695 0.14658071956119087 0.08196829811738696
0 0.10619517390791992 0.7141913976744174 0.1034892386359143 0.07218348550203046
0 0.19543031331654567 0.8774243792451075 0.04692559293798535 0.050610071714654835
0 0.6825836655900218 0.8649150848283484 0.13694266680124728 0.11100495604466616
0 0.8994682924167459 0.9130563876522683 0.11804266233702058 0.10120965144887464
0 0.6092735351098499 0.6834933077611651 0.1760869874180983 0.11819569478589927
0 0.8191044797124036 0.7110164759459192 0.1760869874180983 0.11819569478589927