0 0.162109375 0.126953125 0.32421875 0.20546875
0 0.226953125 0.021875 0.07734375 0.04375
0 0.7773504920907867 0.115008557422746 0.0972392386359143 0.06730232264544593
0 0.7588556365708995 0.05529263818586676 0.0704449135548364 0.05355742248329012
0 0.9534610016281484 0.12159927393939682 0.07044491355483658 0.05355742248329012
0 0.8597362980971411 0.09612791821763889 0.0704449135548364 0.05355742248329012
0 0.22092805540238936 0.8585651838457282 0.12873470048646735 0.08191029342445262
0 0.14579959598746828 0.9541583275150621 0.12873470048646735 0.0819102934244528
0 0.3359375 0.92734375 0.2375 0.1453125
0 0.435546875 0.91484375 0.06796875 0.1703125
0 0.78984375 0.9421875 0.4203125 0.115625