0 0.4052518103221642 0.15957749817821892 0.033365598326844825 0.07162558400953163
0 0.4465307263297754 0.15572974939603493 0.03923093775644091 0.10061365462638268
0 0.3912721650933902 0.45925307995563713 0.065839858706968 0.12137616801906326
0 0.47734375 0.52265625 0.065625 0.0734375
0 0.47265625 0.3546875 0.1140625 0.2234375
0 0.469921875 0.173046875 0.11953125 0.21484375
0 0.888671875 0.378125 0.20078125 0.3625
0 0.457421875 0.6390625 0.14453125 0.159375
0 0.38519530760356047 0.8523465379508715 0.07586345752810449 0.19493639894433984
0 0.9375 0.90390625 0.125 0.1921875
0 0.9433155082115828 0.7316271146568023 0.07677735870696836 0.12156708279171564
0 0.985546875 0.7328125 0.02890625 0.2796875
0 0.8294466677934034 0.6999970594612268 0.11395370653952135 0.19091710064862327