0 0.13865760850911277 0.10051935203557924 0.12739549985882564 0.15674130891829172
0 0.223828125 0.021875 0.05703125 0.04375
0 0.5739662984587032 0.12843458946271857 0.1268872656438412 0.161374178596461
0 0.473046875 0.069921875 0.16640625 0.13984375
0 0.6941898232751764 0.5475293428553505 0.02681239995764777 0.04622478997675685
0 0.45703125 0.96640625 0.109375 0.0671875
0 0.524826109789237 0.9056990708993359 0.05497519731269431 0.06219935124083733
0 0.6748699468538778 0.6602696434757692 0.05056071309770989 0.06655906930985207
0 0.6287765613658276 0.6230945664982978 0.030900660480991427 0.049622941585911205
0 0.5955989467832905 0.740333837911672 0.05882053413027988 0.08814449220632987
0 0.53203125 0.339453125 0.0515625 0.06015625