0 0.60078125 0.082421875 0.078125 0.16484375
0 0.5252179773799766 0.11017943808618771 0.108698931150046 0.20458260145453694
0 0.48431744971756885 0.2902328683752374 0.055545953911481406 0.08492037427505376
0 0.6065140156695594 0.36080195634492346 0.041601031102777596 0.049716580083912734
0 0.68203125 0.341015625 0.084375 0.19765625
0 0.3446318257074525 0.7319013647388951 0.07836829924606477 0.07966511182749905
0 0.32038987943025365 0.6233546976223463 0.07836829924606467 0.07966511182749905
0 0.5113056340251607 0.8318391053029828 0.11317181767217548 0.18474369813518904
0 0.7730142923188421 0.6885542757435238 0.08508648242236098 0.1298427105827436
0 0.890234375 0.782421875 0.21953125 0.31171875
0 0.87265625 0.444921875 0.040625 0.01015625
0 0.8732754770971527 0.4862244876759137 0.042216185768194234 0.05674783008391256