0 0.188671875 0.101171875 0.09609375 0.20234375
0 0.18850685417589652 0.7820517814481637 0.04800550586009607 0.06716990909060953
0 0.352734375 0.958984375 0.03359375 0.08203125
0 0.23984375 0.9796875 0.0453125 0.040625
0 0.29667205968069565 0.9294799577867728 0.052752365051679816 0.10471081939903507
0 0.18795434530731042 0.8647620056771 0.04671311613141391 0.08353524878218402
0 0.2491066448135859 0.8935327751572129 0.062397475322997664 0.12126707386326174
0 0.3375 0.68359375 0.0640625 0.1609375
0 0.28415706353820697 0.6732981416341486 0.05439401064045803 0.15468354586008476
0 0.23994538980251132 0.7201293670809008 0.046302105952381115 0.10147672524323355
0 0.12037336944444572 0.7539395310427743 0.04800550586009607 0.06716990909060953
0 0.974609375 0.446484375 0.05078125 0.22578125
0 0.978125 0.6640625 0.04375 0.1625