0 0.0640625 0.390625 0.128125 0.0921875
0 0.7802558464569376 0.3950149550716267 0.0827066788391571 0.04262649881887359
0 0.7207507918928341 0.38432050253188876 0.04418863049883104 0.03816468811176783
0 0.38904191045695313 0.8668998953139792 0.13445935560372177 0.08806797359113006
0 0.482421875 0.80234375 0.21484375 0.159375
0 0.103125 0.705078125 0.134375 0.07109375
0 0.28326152467139465 0.7484499791182438 0.15280661390209146 0.0731250198702659
0 0.3484375 0.962109375 0.196875 0.07578125
0 0.5378569961399432 0.9394619199935683 0.0861752209557057 0.057552094372369925
0 0.7068108428322062 0.8753039169559343 0.10325597717948316 0.04646082694917482
0 0.6721053400326675 0.8216097153232458 0.05711468298834195 0.03394097958157989