0 0.8402973877482935 0.1294939716073956 0.02603062634964619 0.04532242368379737
0 0.9140625 0.571875 0.1046875 0.0359375
0 0.8848217181329453 0.5136345866722627 0.05432156971095044 0.05877728847458741
0 0.8223384479114744 0.24310260382138082 0.050048466806520864 0.06408234736759474
0 0.878109484841542 0.21661078109096624 0.030114475104890737 0.04780258293962447
0 0.8716679241539076 0.33760904461188723 0.05705640601864026 0.08458582032575279
0 0.773092404657383 0.8004835229275228 0.09377700124939992 0.1887202488188736
0 0.743359375 0.948828125 0.08984375 0.10234375
0 0.885546875 0.607421875 0.08984375 0.03515625
0 0.7003536442844209 0.7835440487882386 0.047574662242417534 0.07256696996293313
0 0.679915533494218 0.8578905289603815 0.047574662242417534 0.07256696996293321
0 0.6456768770629815 0.8470088372628257 0.047574662242417534 0.07256696996293303