0 0.103125 0.27109375 0.20625 0.1
0 0.046484375 0.1359375 0.09296875 0.08125
0 0.033984375 0.35625 0.06796875 0.0890625
0 0.66015625 0.3087746611878822 0.05546875 0.03488479948690966
0 0.829296875 0.29786770293317755 0.07890625 0.03855531335461819
0 0.75390625 0.34025359165871566 0.07890625 0.03855531335461819
0 0.244921875 0.7765187265845317 0.071875 0.06339165919430556
0 0.030859375 0.669140625 0.06171875 0.06171875
0 0.23515625 0.6653539291396532 0.05625 0.033340483282499986
0 0.2625 0.607005986985313 0.05625 0.033340483282499986
0 0.1796875 0.6976566296527434 0.11484375 0.03314176795177097
0 0.846875 0.6977751509292712 0.0265625 0.010774499050069507