0 0.137109375 0.560546875 0.17109375 0.09765625
0 0.38984375 0.471875 0.1390625 0.0890625
0 0.326953125 0.57421875 0.19140625 0.0703125
0 0.985546875 0.215234375 0.02890625 0.07578125
0 0.9197382494353026 0.23074532010104107 0.10322298151356132 0.0710593420399654
0 0.6841416546546222 0.28238512775607594 0.1449022472985769 0.07671058320625015
0 0.6930269546052112 0.3342018742891488 0.05328389469597585 0.04415069671336802
0 0.7303838349727638 0.22341795673609327 0.117892426266007 0.055016767951770976
0 0.7904826599162941 0.2814746315557981 0.05328389469597585 0.04415069671336802
0 0.10575629031914016 0.8293783224274127 0.015207771046687312 0.00659549211621524
0 0.7475825283744978 0.9518248055677425 0.08663472099021767 0.0675524823325695
0 0.7194659626741868 0.8586021356398608 0.08663472099021767 0.0675524823325695
0 0.8565371758071902 0.8816191221049474 0.14232327886860788 0.086012848023889