0 0.12462060951813037 0.2696102551717957 0.14140873920022692 0.0736644400324213
0 0.20034976845747146 0.20856784346827925 0.20688740626060226 0.050194860834420395
0 0.867578125 0.0375 0.10703125 0.075
0 0.20176596863495666 0.9416265541788651 0.21555556733052797 0.09739734656639669
0 0.269504050941609 0.8422215595555486 0.21555556733052797 0.09739734656639669
0 0.3459685752623033 0.7686245668967027 0.13309524219545174 0.036618204300445004
0 0.3499008625133553 0.7355755494236087 0.08697421034428618 0.033690103390822124
0 0.3638257086574148 0.6973659970043266 0.08697421034428636 0.033690103390822124
0 0.032421875 0.95703125 0.06484375 0.0734375
0 0.073828125 0.83984375 0.14765625 0.1109375
0 0.8375162460356937 0.9172419651585105 0.29793404691210784 0.15583273883234838