0 0.4890625 0.69453125 0.0640625 0.0390625
0 0.279296875 0.854296875 0.125 0.0609375
0 0.128515625 0.9609375 0.254296875 0.077734375
0 0.0609375 0.759765625 0.0890625 0.0609375
0 0.229296875 0.76328125 0.08046875 0.034765625
0 0.26796875 0.7171875 0.08046875 0.034765625
0 0.33671875 0.783203125 0.1015625 0.0390625
0 0.40703125 0.683203125 0.08046875 0.0359375
0 0.375 0.740234375 0.116796875 0.047265625
0 0.578515625 0.86171875 0.15703125 0.0515625
0 0.5921875 0.8046875 0.1515625 0.034765625
0 0.548046875 0.754296875 0.0984375 0.033203125
0 0.520703125 0.63046875 0.0640625 0.0390625