0 0.5806059840476167 0.039217107478395616 0.09066324769092589 0.07236587939029934
0 0.486328125 0.04921875 0.06484375 0.0984375
0 0.41015625 0.05078125 0.0640625 0.1015625
0 0.784375 0.3171875 0.1640625 0.165625
0 0.452734375 0.409765625 0.05859375 0.01953125
0 0.38266340614926053 0.7195815787894035 0.0718441886429165 0.13394372882456515
0 0.47682350925953826 0.7154395003341807 0.10166838967967565 0.13567894564707803
0 0.45915064908062586 0.5422017277935087 0.0718441886429165 0.13394372882456534
0 0.329296875 0.948046875 0.11640625 0.10390625
0 0.4631879351076173 0.90256478346257 0.10640440782296263 0.1630363311856975
0 0.9169778462295379 0.5002298633812261 0.06780194613578701 0.06989031918364504
0 0.946875 0.42578125 0.0515625 0.0515625