0 0.08515625 0.46796875 0.1703125 0.3234375
0 0.36082679962053293 0.7850350606722638 0.05603643577927464 0.09428523156266806
0 0.42888774427846565 0.8449347665465702 0.06032734634967838 0.06576139381548422
0 0.4546723001148245 0.7761356720525596 0.07312843528498317 0.0931433486429473
0 0.244921875 0.73515625 0.21015625 0.2109375
0 0.5021269495636675 0.8542253261335533 0.05041117688202608 0.05182457995351379
0 0.55234375 0.9765625 0.05 0.046875
0 0.723828125 0.669921875 0.07265625 0.08046875
0 0.8449073919786976 0.8907108963257608 0.07947127718603726 0.13409613057393238
0 0.834765625 0.658984375 0.04140625 0.05859375
0 0.891796875 0.640234375 0.04140625 0.02109375
0 0.806350887301518 0.7185161451528665 0.04852502471457933 0.12024679802252862