0 0.15322143294594923 0.08828765422154383 0.0728470528846362 0.15897245257436624
0 0.020703125 0.23984375 0.04140625 0.1125
0 0.15965547301405097 0.29046095161188407 0.07565331742850381 0.11714897362105355
0 0.1929227577067299 0.40204355823132615 0.05736583197237142 0.07409692363517095
0 0.10546875 0.460546875 0.0390625 0.01796875
0 0.25859375 0.436328125 0.05625 0.06640625
0 0.07339047620309884 0.10421154493597222 0.1245848960668953 0.17364887357870132
0 0.8546875 0.092578125 0.290625 0.18515625
0 0.8437923884566058 0.2150815200136181 0.13590529121570666 0.10277493145709168
0 0.09214975330973404 0.699122591046188 0.09722542848861027 0.10518729991529555
0 0.0933220151235957 0.8133520555299031 0.10302888939893551 0.13818181043863903
0 0.725390625 0.755078125 0.03203125 0.11484375