0 0.407421875 0.385546875 0.06484375 0.06484375
0 0.1412384101714928 0.3419030098672412 0.2593391594445286 0.1386618878701718
0 0.8020875396108901 0.3012455639363985 0.0682414607723885 0.049644514334455894
0 0.98828125 0.34140625 0.0234375 0.046875
0 0.94296875 0.396875 0.10625 0.0453125
0 0.8848932218415804 0.29669933813809574 0.08463862041330898 0.04875051779449713
0 0.9102432006661456 0.35583691619898544 0.1222295240041051 0.06590352570316256
0 0.68671875 0.39609375 0.1546875 0.046875
0 0.7367647940502874 0.3558727027765629 0.10182157523376904 0.048669604752635466
0 0.7782568815806966 0.23462244387931436 0.0682414607723885 0.04964451433445607
0 0.07890625 0.96953125 0.1578125 0.0609375
0 0.6773622625326249 0.7926736951150433 0.1638357619038567 0.10196570110231384