0 0.2051404188352736 0.28244982503936866 0.020931084160399748 0.014108920950527093
0 0.9064191858963376 0.0885990421689781 0.0369948858558109 0.05765067391627658
0 0.8801286873418249 0.7710752790888415 0.06742724855225787 0.05811093034206731
0 0.9320733119275403 0.9200261029482528 0.039702508891340214 0.06555867441056833
0 0.8078063273337197 0.7391905856666379 0.04694992865988183 0.037002592889637496
0 0.7498268533885676 0.6875445140315387 0.021205065963434678 0.036733337452429994
0 0.7285233378799443 0.6754974767311144 0.01471747146395277 0.014635502965749581
0 0.7055663541124385 0.6615609814268845 0.009066784946188022 0.010506418479069168
0 0.6845999596748739 0.6651548608755087 0.01891481989237622 0.021044670456235436
0 0.6978169933804622 0.6548321496588078 0.012264559553293886 0.012196252471457924
0 0.6748129099439335 0.614676029107432 0.02740156203449331 0.05258117193911023
0 0.7411924079794627 0.6197985985182191 0.023424691480163417 0.08438958745243
0 0.8654251014240968 0.6906615730622023 0.02600172787409356 0.03926808844101313