0 0.970703125 0.18203125 0.05859375 0.1390625
0 0.17109375 0.5125 0.0109375 0.00625
0 0.38006081310478895 0.7130271191210291 0.06642956939903506 0.0472392386359143
0 0.29965847260243555 0.5839220460685463 0.02394206047058134 0.029315353084255237
0 0.11424510105236489 0.5500377670494239 0.00720852800317715 0.01027898092527657
0 0.144921875 0.5125 0.01328125 0.00625
0 0.42109375 0.60703125 0.0578125 0.090625
0 0.162890625 0.5140625 0.01015625 0.009375
0 0.121484375 0.522265625 0.01640625 0.02578125
0 0.8794260188695573 0.5614976211496241 0.013472164772652385 0.011169325081077907
0 0.8091982037312306 0.6123479421718645 0.019913079545304767 0.022215919236879246
0 0.7816353782447633 0.5331172739492828 0.009579551542127617 0.011882391233702095