0 0.0453125 0.216015625 0.090625 0.10703125
0 0.12384813202637543 0.14667727907438072 0.032985996239076346 0.03486515576781102
0 0.6690205765369569 0.20570182565060807 0.009943301332783604 0.020132027297895937
0 0.45078125 0.384375 0.021875 0.0484375
0 0.5298958920555054 0.26627598511904693 0.023474603919208283 0.02957687846991517
0 0.7142235963641074 0.18558553632336544 0.010034229546028861 0.023257027297895937
0 0.7182453382154395 0.25655412438630376 0.007326766693047304 0.010606832973421909
0 0.6944793976968909 0.20641847046880663 0.012423443652651578 0.02496972162236997
0 0.6764651835902682 0.20600746028977382 0.009343907759274295 0.02633196252307126
0 0.7160732528697403 0.2222542215485408 0.016693406505633133 0.037720045496493174
0 0.6858204573761981 0.4867259353820589 0.0073267666930474816 0.010606832973421909
0 0.703975243896396 0.47851816317367935 0.02081260517284953 0.018489184145441227