0 0.16262904100647618 0.15860984719477073 0.033975695916316086 0.011132942720211859
0 0.5961793790295011 0.21003625224900002 0.011128472958158043 0.005532382513557366
0 0.32857523333700406 0.9371996863359069 0.0722395877489479 0.03322611133812252
0 0.2266159018949919 0.8928618669067724 0.04987351442797028 0.01903634631100797
0 0.2683036494903302 0.8894936998013925 0.032549605172143004 0.015030102361132159
0 0.23040806264843158 0.8783837434193034 0.049737105172143005 0.015130096311007969
0 0.17661341269476516 0.8259516228587007 0.024573414065150522 0.010297150565734015
0 0.21081604250408859 0.8320039075487189 0.012690972958158043 0.005541472872636888
0 0.214463114918017 0.82455930665102 0.01977678666048881 0.00714487948849527
0 0.14603057344820475 0.8116734872709832 0.015843254809323425 0.006340903590796287
0 0.7177084106065894 0.6268104013513011 0.029424605172143004 0.015011921642972936