0 0.8643783700353467 0.22148106840162335 0.014700354838564245 0.03131985117201923
0 0.8230277201186545 0.0991496406561454 0.019116027088305287 0.04250767504614252
0 0.8408123795481138 0.06039802128552889 0.025948223945152015 0.05540819324473976
0 0.8547721218973734 0.015231068401623337 0.007196069892376133 0.020713018198597277
0 0.8892669961735024 0.04083769047157526 0.009539819892376133 0.020863212523071262
0 0.9248374499572188 0.12318506709117649 0.008195643713693811 0.02545058297342191
0 0.9222068517359376 0.04146934492893952 0.006050946856846906 0.012850453423772645
0 0.21396847435718222 0.8052407506967505 0.018189227874093473 0.03933261027131785
0 0.22775699255414725 0.781633269975082 0.013028692927905539 0.028875971622369878
0 0.2561206640800172 0.8186029426310435 0.00990369292790554 0.028675712523071262
0 0.26692332723127576 0.8402427579457352 0.012247442927905361 0.02882590684754529
0 0.27978827729319294 0.8641011613233655 0.006977746071058633 0.016025518198597412
0 0.29203033508915865 0.8072905556016969 0.009612594499482086 0.02242571252307126
0 0.27047539743323823 0.983802392045034 0.014482031017246655 0.02663235117201914
0 0.25078125 0.99140625 0.01875 0.0171875
0 0.8534847965236153 0.8465829942967874 0.012883143713693812 0.02575097162236979