0 0.022144060263767473 0.3138301169372294 0.017910248782184012 0.04220677067816432
0 0.10129290786949827 0.27925923697483057 0.016238654626382677 0.03588399607105863
0 0.12452892329242138 0.1546391496093605 0.0073585324674040106 0.019077485731976297
0 0.12453969581707422 0.11046213730580753 0.005686938311602674 0.012754711124870522
0 0.10677065604442185 0.10034335163574841 0.011455697240056396 0.03019692224974104
0 0.14078516882819453 0.14528126623474896 0.007440353084255058 0.023764985731976294
0 0.7512150413925626 0.7811407222925222 0.04120742694751698 0.07998075248119943
0 0.8466190446389735 0.8267378585626179 0.024105701704283257 0.03937286910658777
0 0.9526499691525061 0.7420471043240902 0.015993192775829536 0.021821496071058634
0 0.9291776927741819 0.5171755369129134 0.021734678165332966 0.037701207195929065
0 0.87959756838309 0.4987648120367479 0.02103524878218401 0.04235231989237622