0 0.332288333727933 0.16434311765659118 0.02072202367752336 0.007977319892376045
0 0.3251965350574684 0.14959889422816772 0.012037268415851444 0.006014559553294063
0 0.32019785740545625 0.17079217079974426 0.012818518415851443 0.006050946856846906
0 0.2678159455384598 0.19445332185459224 0.01686127630835923 0.008576633374611476
0 0.24910025476756167 0.17410335752465134 0.012037268415851444 0.006014559553294063
0 0.26066359819753054 0.1652923607297218 0.014381018415851442 0.006123721463952592
0 0.24703722582836657 0.16543683291754546 0.008957771046687314 0.006650260339082337
0 0.252968707412515 0.16025918134596892 0.008957771046687314 0.006650260339082159
0 0.2613576955737534 0.1571438166850511 0.008866765785015574 0.005087760339082337
0 0.39625139416657207 0.890982700369249 0.03335082629424182 0.02414812944567011
0 0.2812379205808121 0.7823910465236154 0.010429265785015573 0.0051605349461880225
0 0.2822809929640936 0.7668570147824977 0.010429265785015573 0.0051605349461880225