0 0.29294707259006464 0.39715624256630877 0.006536605042954236 0.0058327710466873125
0 0.42436641169050227 0.818045595239497 0.010480476594251619 0.021639781570031148
0 0.40295561877996355 0.8580825491645747 0.007068871551297562 0.015989021046687313
0 0.3940752637370094 0.85311432810377 0.006986984396167806 0.014426521046687313
0 0.39115996466423486 0.8348687096808597 0.00813672659425162 0.02150327367752336
0 0.38475283440651004 0.8023292254658753 0.007809177973732773 0.01525327367752336
0 0.37889013738024274 0.8175597478279807 0.00612384724103805 0.012818518415851443
0 0.37321666949241833 0.8139720162438321 0.002916960085908293 0.01107400789250761
0 0.7591918331633146 0.5384578993128079 0.0295923247398008 0.059359589448421436
0 0.7294003132062687 0.545678500599991 0.015123710990419426 0.03592979472421072
0 0.7154833163720579 0.6315134374246352 0.010480476594251619 0.021639781570031148
0 0.7556313608087054 0.7396675716678545 0.02321949400710608 0.056651818401734035
0 0.7602408353110212 0.8126689440370185 0.02951043758467122 0.057797089448421525
0 0.7757103660664301 0.7714107598432103 0.01611300090451113 0.02508329998588259
0 0.7289437873120999 0.933212445317143 0.010398589439121864 0.020077281570031146