0 0.023046875 0.909375 0.04609375 0.09375
0 0.256130357317509 0.771729109066656 0.047258143713693815 0.025536349339590637
0 0.3606487293195809 0.6854927117480644 0.04189855562435252 0.027816464672181594
0 0.3183253154444515 0.6904660204089511 0.025383143713693813 0.025281810669954295
0 0.2582760733023344 0.6585342204009969 0.03524829528527036 0.019149989337999784
0 0.3921875 0.73515625 0.0546875 0.034375
0 0.5773675603773543 0.8564896413908155 0.08189000889134021 0.06498065734404505
0 0.8088882532028159 0.6889634307566549 0.030543678659881834 0.03549260467059075
0 0.7233253386038153 0.7211529464114964 0.05459976282028158 0.04904657467377245
0 0.5932515217093671 0.7867904877267472 0.05367296360606986 0.045912484006999675
0 0.529652421316473 0.7876120983847704 0.05434505169541097 0.04357782467377227
0 0.5636731257216164 0.646287938056952 0.03806508023145838 0.02933351133831792
0 0.650421858765251 0.6898524004017923 0.0434246683207995 0.02705339600572696
0 0.501085388541898 0.6939709127148159 0.07007921360606986 0.046103388009226975