0 0.3314542796620713 0.44998356043747656 0.00696019418380125 0.01033810642649069
0 0.8101771723046612 0.3225811487194229 0.035199808666190435 0.04624451418576499
0 0.7571996377757859 0.30773138704094044 0.026261851240837332 0.05222172954602886
0 0.7604990544296403 0.18218163766776102 0.02160720222957302 0.030255801332783605
0 0.7362858402574605 0.20378803312173216 0.024786832551403837 0.03112797954602886
0 0.07383012688002263 0.6717209938631425 0.0195912341605581 0.03487510517284953
0 0.011537576511705616 0.6221552513849898 0.012521779333095218 0.022974498746358662
0 0.8313601705891266 0.605369225487489 0.048153276735204996 0.041943459092057725
0 0.9117278726926488 0.6147532430052127 0.09514252723940828 0.1898868655976907
0 0.84296875 0.537890625 0.05 0.05703125
0 0.75032869187645 0.5998800919431095 0.04708780347041035 0.08245479882550111
0 0.6864358006588559 0.673956437944759 0.023060441585911206 0.028738765439406143