0 0.4466457322195742 0.2746033674961761 0.044696069892376046 0.021076159090609538
0 0.16294174328252753 0.2986805030461877 0.02565497146395277 0.014498876623205348
0 0.4466457322195742 0.2746033674961761 0.044696069892376046 0.021076159090609538
0 0.16294174328252753 0.2986805030461877 0.02565497146395277 0.014498876623205348
0 0.5073681394774205 0.4894264596217349 0.051982031017246653 0.026667640015886108
0 0.474609375 0.4265625 0.01015625 0.021875
0 0.44375 0.978515625 0.0515625 0.04296875
0 0.430859375 0.93125 0.07734375 0.0609375
0 0.85234375 0.687109375 0.2953125 0.18984375
0 0.8705616522977022 0.806020075694929 0.21567000351465673 0.13881090421934558
0 0.66953125 0.925390625 0.2109375 0.14921875