0 0.16995321760866117 0.09221462395109281 0.007713789462538756 0.012251546265733637
0 0.18318860046587532 0.0519327047599516 0.006841534200867016 0.010629846680652122
0 0.8151260861021585 0.07241835974129565 0.01583710260260105 0.03153434253146727
0 0.8151260861021585 0.07241835974129565 0.01583710260260105 0.03153434253146727
0 0.018451266279125723 0.853247673641065 0.010512565770898163 0.020241645020978184
0 0.04325733333014821 0.7945884350513234 0.012992823663405772 0.022762993776222727
0 0.04909817416457481 0.8412028646154269 0.00867704998588259 0.015435745850815152
0 0.8213260018095282 0.5545971473963096 0.03651362364928845 0.03932353174358667
0 0.7364088228773917 0.5769767277925721 0.04591871572854585 0.06725927759440165
0 0.8395534505788149 0.6422742848438642 0.02719183155591374 0.026172336307690003
0 0.8725279688887856 0.5234942237436335 0.05319288943430393 0.045254223030298316
0 0.80625 0.488671875 0.05 0.05859375
0 0.7754905860668649 0.6070718745757928 0.03549715521931951 0.04858013257342364