0 0.28914420892348075 0.112890625 0.04319601666931803 0.01953125
0 0.22513170759073073 0.10859375 0.03842670066836362 0.0125
0 0.2217430782543218 0.13125 0.025917610001590853 0.01171875
0 0.34504931092857144 0.075390625 0.028234088001272716 0.009375
0 0.30145385226370774 0.062109375 0.012545453333863676 0.00390625
0 0.30094959392904874 0.071875 0.01100113466740904 0.00546875
0 0.3420609446013893 0.030078125 0.007857953333863677 0.00390625
0 0.3401850902689575 0.0234375 0.007857953333863677 0.00390625
0 0.7849700579249126 0.265625 0.025926700668363622 0.0125
0 0.7784706119311168 0.219921875 0.01256363466740904 0.00546875
0 0.20542773492204908 0.75625 0.01256363466740904 0.00546875
0 0.33247176658977623 0.7484375 0.01100113466740904 0.00546875
0 0.6717698029121859 0.80546875 0.025944882001909163 0.0140625
0 0.7924456559118677 0.8078125 0.019685791335136215 0.01328125
0 0.6432223605784813 0.808203125 0.022810791335136214 0.01328125
0 0.8628493362508219 0.76640625 0.021956816000954404 0.00703125
0 0.9458615572485949 0.7828125 0.03373011000159067 0.01171875
0 0.98125 0.774609375 0.0375 0.01484375
0 0.9629177899228445 0.726953125 0.018822725334181813 0.00625