0 0.05488339222701679 0.23924947466281266 0.014207945745273776 0.025409176959604096
0 0.05488339222701679 0.23924947466281266 0.014207945745273776 0.025409176959604096
0 0.7732038727605048 0.3881638308581941 0.03461134933607006 0.04162521034569906
0 0.7083010354264874 0.39643332043335294 0.04485850292686635 0.057545727038746365
0 0.6649825670423455 0.38814044147457344 0.046443728824565156 0.06149744114536908
0 0.6353337010684339 0.3806359984487425 0.030768731849627428 0.052449050079142266
0 0.127353029425461 0.652587554796091 0.03546077702916719 0.053366692399010415
0 0.118359375 0.5734375 0.03046875 0.028125
0 0.07599278991498251 0.6163216142775425 0.030750551131468205 0.04932405007914227
0 0.04174960012163691 0.5926651539318435 0.03776362041330898 0.04640363855894449
0 0.8217918845661656 0.6118513834446189 0.052711909542724554 0.06480429757185986
0 0.6864629177436529 0.637606238221757 0.02441873789975162 0.03507969365265158
0 0.7058461889681855 0.7307640305811962 0.034747704722264315 0.06506271034569906