0 0.14858251040338305 0.29088955068347816 0.02121192866804549 0.011015754448624192
0 0.1909879127347014 0.27778072632977546 0.01647897533418181 0.006918503460041236
0 0.18736319973342877 0.26826247558833793 0.014916475334181811 0.006854836463846681
0 0.17010751973263333 0.2617027636301996 0.021184656667727175 0.008672004448624194
0 0.13872115973104257 0.2487106737063119 0.014925566000954404 0.007636086463846681
0 0.1543097970639516 0.24622234366825574 0.013353975334181811 0.006791169467652303
0 0.15189332172976985 0.23987684317396418 0.010973862667090906 0.003570668973360824
0 0.6820583554065648 0.2286747228697342 0.022747156667727354 0.008735671444818748
0 0.193213484066656 0.863865464961069 0.01654261000159085 0.012387253460041058
0 0.7622049340785872 0.7955658038777831 0.07149373933799978 0.037271848326844825
0 0.8693586344087919 0.7768960348661474 0.050236357336090796 0.022349843878220456
0 0.8289878994072012 0.7635378597141418 0.03300340400222712 0.017743256920082117
0 0.8680140367401101 0.7620045346190016 0.04940965400222712 0.018411760380123356
0 0.9292555267345424 0.7235037559686801 0.02434601933481808 0.011924338441013127
0 0.8944762657343833 0.7209152903033549 0.013353975334181811 0.006791169467652303
0 0.892432234066656 0.7130232065581119 0.019622156667727264 0.008608337452429993
0 0.961586495066815 0.7170123461397138 0.01647897533418181 0.006918503460041236