0 0.20164794752210008 0.45921409563314175 0.010606535892771518 0.026612496974937904
0 0.9108749485593963 0.15762458499632642 0.012950285892771519 0.026626132513557367
0 0.9111956411957542 0.21858708348379538 0.01048813672260831 0.025049996974937906
0 0.9300698680628873 0.2149601015850701 0.009162435062934371 0.028165906615858206
0 0.9464689064428475 0.14256721155795543 0.010369737552445458 0.023487496974937905
0 0.9494759685803744 0.16677914378864572 0.003953794191141213 0.010955680718159222
0 0.930618302188772 0.1035797070203623 0.009351689212119397 0.020357951795398142
0 0.19413375198595711 0.8135998620745916 0.007552390871793335 0.017223861436318443
0 0.20018820883211214 0.8006683304587334 0.005634693361304244 0.012527271077238921
0 0.21170512667360714 0.7669927672270168 0.005753092531467274 0.014089771077238921
0 0.20535819306056524 0.6419745865088575 0.006415943361304244 0.012531816256778683
0 0.994890599279698 0.5380865172270168 0.0071263383822824265 0.021906816256778684
0 0.9807716675407561 0.6921427581518305 0.005753092531467274 0.014089771077238921
0 0.9878208619393565 0.702653271715512 0.010440592531467275 0.014117042154477667
0 0.99921875 0.784375 0.0015625 0.01875
0 0.9938233308204698 0.7612379313564324 0.0040721933613042435 0.012518180718159222