0 0.3652296630728603 0.4785201068007803 0.008021585335772486 0.018332623035529138
0 0.6464165757479053 0.12117633364141653 0.010383516669318027 0.02000428494618802
0 0.695841234106427 0.3089246405063687 0.00805794800286357 0.021457623035529137
0 0.689277606102768 0.28168041707794533 0.004832950668363622 0.01271832382131759
0 0.6888466204447449 0.34529771112261576 0.004851132001908986 0.014280823821317767
0 0.11861265239097465 0.8016525649277227 0.03012385200509069 0.03888271753501123
0 0.25239675905074765 0.7571299311388267 0.011909654002227122 0.016952059553293975
0 0.24581067805138393 0.7615081390586267 0.009493178668045488 0.01059289764263518
0 0.23302459571927034 0.7698921235500034 0.01424431333545435 0.016279971463952592
0 0.12876408338636125 0.7681594185256874 0.02219317333704538 0.028362594499482086
0 0.6315473623687029 0.7011923385013714 0.0648533880092268 0.07095250889134012
0 0.7912996250397709 0.7410372234261688 0.02808009400859035 0.06455480562435252