0 0.028076874621943925 0.3469166818290894 0.048746624525034754 0.016385266039128866
0 0.044811412758141954 0.28343981993817025 0.020421602773541637 0.005989184145441228
0 0.05436825071404474 0.2762280972360662 0.015734102773541637 0.005688795496493171
0 0.2039766458984717 0.3362812237772256 0.02520002175149294 0.010195822794389109
0 0.17024717064192663 0.30634399868494055 0.026798889342673604 0.011858452344038461
0 0.1899057072110586 0.302126868055557 0.018931837955902787 0.009014054595791876
0 0.17065630604270793 0.28876587368494055 0.0173329703647223 0.007351425046142524
0 0.15632137571404475 0.2827615503506843 0.01731478656913197 0.006570175046142523
0 0.18357453334128432 0.2715981600821351 0.014189786569131968 0.006369915946843818
0 0.8137078629384371 0.024662147591363138 0.03301252175149312 0.010696470542635695
0 0.021484375 0.994140625 0.04296875 0.01171875
0 0.02022800703076335 0.9772538263381335 0.015752286569131968 0.006470045496493171
0 0.02580651301468704 0.9392729649870815 0.007921602773541637 0.005188147748246585
0 0.5986546726839579 0.8050884739341091 0.02676252175149312 0.010295952344038461