0 0.733203125 0.38515625 0.03984375 0.009375
0 0.7637899465905716 0.3282138158161647 0.05253465400222712 0.01792929757185995
0 0.6949305849180719 0.37317162048090696 0.025154541335136216 0.014008675705962936
0 0.2784254322684802 0.5960946434421606 0.01099204400063627 0.005005748746358662
0 0.6276973579129812 0.7654961701310843 0.04008919800286357 0.02225308471887839
0 0.608984375 0.754296875 0.01796875 0.01640625
0 0.6387533102522538 0.7214392874113813 0.029051700668363534 0.01334108597251955
0 0.6596018859206173 0.7083368879986308 0.029860222668681758 0.01570756802583091
0 0.6824354039226854 0.6924432834526019 0.01649715666772735 0.00828987311953817
0 0.6250953449236398 0.6870828393709854 0.02279261000159085 0.012377979546028862
0 0.8019848352562308 0.6874027792959667 0.0267534040022273 0.017179139812585474
0 0.8209209202538446 0.7044239689898389 0.03853578866963616 0.022988870612255675