0 0.24818838555619 0.31767222099784254 0.050014371865896926 0.029923195386587054
0 0.0952195040901281 0.30417184362299343 0.07296613855894436 0.041266809135968606
0 0.31893096298433016 0.26154119007309157 0.04121603338609479 0.02244156603337366
0 0.9364385433154642 0.11713447393851872 0.04425010517284953 0.019480340343633173
0 0.6594153905707548 0.062015363241355016 0.02458246285298147 0.013769250904511133
0 0.9364385433154642 0.11713447393851872 0.04425010517284953 0.019480340343633173
0 0.6594153905707548 0.062015363241355016 0.02458246285298147 0.013769250904511133
0 0.1920383312871591 0.8109962172104559 0.07829849623907634 0.03686591417892267
0 0.24128516768864355 0.7556005096687389 0.054815532132453625 0.0340751068519765
0 0.48671875 0.916796875 0.0546875 0.04140625
0 0.4770969840651219 0.8693055628118136 0.027752926959604095 0.015495525214770822