0 0.6498883206135557 0.1519448476938651 0.014144320616851048 0.00550654735504672
0 0.6342243873750879 0.12822277399516563 0.014144320616851048 0.00550654735504672
0 0.12996249147364036 0.5249585070006129 0.02127102800317715 0.011384821032569903
0 0.16742355823517255 0.49814225440507054 0.01651534415580134 0.007205555247554329
0 0.1618116221556833 0.49025764782092196 0.014952844155801337 0.00711454998588259
0 0.14342497361673293 0.48976445964556614 0.021230117694751627 0.009041071032569903
0 0.1101536647693571 0.487792071456093 0.014966480925276571 0.00789579998588259
0 0.12449087722881816 0.48030964778562846 0.013390344155801337 0.007023544724210851
0 0.12087979484249196 0.47504565962439005 0.010992047077900757 0.003762036831702886
0 0.7988926337216399 0.7550380900484124 0.0205715986200282 0.016026818401734033
0 0.6482624780809598 0.6828697175380739 0.01651534415580134 0.007205555247554329
0 0.6496613368472578 0.6734037122764021 0.009443183847375813 0.004452281570031147
0 0.7152863368472577 0.6695814912861844 0.007853410308425523 0.00279877630835923
0 0.7030317986978109 0.6843720333795592 0.012581820616851046 0.005415542093374803
0 0.7155815044609316 0.6640899899707665 0.007880683847375813 0.0043612763083592295