0 0.2535992083845831 0.47133816742594614 0.0161166728964778 0.007485891066226813
0 0.2836882230511306 0.45915759042677096 0.014499542574646895 0.006659176959604096
0 0.5865102613507902 0.3127958932110514 0.01913241225281599 0.006014319279472246
0 0.021484375 0.602734375 0.04296875 0.01953125
0 0.6369148169148874 0.731318572677938 0.030452324505632157 0.011801318025830908
0 0.7416376628338938 0.6775935217741194 0.04300695482746306 0.012946280878812466
0 0.6944102426613568 0.6672727930527668 0.04117130321830871 0.008994566772189572
0 0.7219369860405809 0.6582854122135255 0.009757412252816167 0.005741534639735946
0 0.7176592134543125 0.6525624295333936 0.011265281930985083 0.005005748746358662
0 0.7040774966842426 0.6572457494396864 0.012882412252816167 0.005832462852981379
0 0.6827323744081835 0.6391549789857153 0.023874542574646895 0.006931961599340219
0 0.7112206842472679 0.6387158840398512 0.006468521287323448 0.0033068564264908673