0 0.058318159714531956 0.3445803011541444 0.011501197663298513 0.025175657257314833
0 0.581640625 0.299609375 0.00390625 0.02734375
0 0.29553108519982685 0.7294532328930796 0.01880520459715278 0.03750956192273147
0 0.3217669300895837 0.7467289157865519 0.010610844889756877 0.020419806738935266
0 0.3312786351617019 0.768599134825186 0.012427918028020813 0.0314940077756944
0 0.3438614420574311 0.8215143023086815 0.009938697663298513 0.02503895622055552
0 0.35415341731397626 0.7928230200513667 0.010610844889756877 0.020419806738935266
0 0.367943486985313 0.7967050109797232 0.004942073138263936 0.01134760311027776
0 0.36822468260658037 0.7751522854613435 0.004978440729444422 0.01291010311027776
0 0.37444708030800394 0.7566025560551168 0.004124455547083272 0.009716752591898015
0 0.602734375 0.890234375 0.04609375 0.21953125