0 0.7414314701750417 0.3555794982487782 0.03232730478853831 0.06335649310259513
0 0.28852268141668685 0.7050112712022709 0.016951720779006862 0.03210981512886235
0 0.267412227682161 0.5952816067404347 0.020294909090609537 0.044773589439121866
0 0.24321106859155145 0.640259914067381 0.015552862012708956 0.041402927973732594
0 0.24253693567739507 0.6118057044337284 0.00798977800317715 0.010565685775648781
0 0.23583494521475679 0.6156693498430299 0.007235801542127618 0.012087242198083815
0 0.23637755174894134 0.6293002812654649 0.007263075081077907 0.013649742198083814
0 0.21186561120522523 0.6473664071699761 0.011360239853730292 0.024791960085908293
0 0.2201553981368562 0.6196132213943273 0.004810230925276571 0.007276911465389268
0 0.9906997232179341 0.8858999626879001 0.011305692775829712 0.021666960085908116
0 0.9721309553610264 0.9212166649718923 0.011414786931630871 0.027916960085908292
0 0.94921875 0.991796875 0.0109375 0.01640625
0 0.982011605726701 0.9811903298859839 0.008071598620028198 0.015253185775648603
0 0.9790911572688283 0.9696353541962435 0.012772735389503432 0.01628009724103805
0 0.9721445921305018 0.9204354149718922 0.013758536931630871 0.02803979081860284
0 0.9918511430637214 0.8870104223215527 0.009715919236879245 0.020022572930778536
0 0.9925866414405158 0.9119490069552054 0.005686938311602674 0.012786605042954235