0 0.6101314405789126 0.09597614575158735 0.013426695745273776 0.025386444906292736
0 0.6160721079297818 0.2160954232984409 0.012609084308955331 0.019113712852981378
0 0.6118598396321154 0.06741505664496472 0.012627265027114731 0.02223871285298138
0 0.5765937240018895 0.2887164009640079 0.0063772650271147315 0.022056856426490867
0 0.5952548325604395 0.3705813406578802 0.011128397540672097 0.033130748746358664
0 0.5883778582243695 0.41139956311102654 0.013544870413308985 0.04569894490629274
0 0.5806855450417509 0.4580998926174843 0.007907948770336048 0.016633570533113585
0 0.5619696338882993 0.45278608689695654 0.007921584308955332 0.018977320533113583
0 0.5400676232514842 0.3909339504163295 0.005577834308955332 0.018909124373179508
0 0.5376417995793441 0.47224078054960794 0.0031795421544778433 0.009465928213245434
0 0.7053626482280431 0.21861332686782653 0.006368174668035032 0.02049435642649087
0 0.3144288364597596 0.9180624032401813 0.006359084308955332 0.01893185642649069
0 0.31054985753699843 0.9134885635067379 0.004769313231716588 0.014198892319868062
0 0.311190467411688 0.8705084474800822 0.007930674668035032 0.020539820533113408