0 0.020301013909058162 0.06823538971990661 0.026137370125868743 0.05650453866963616
0 0.005078125 0.1265625 0.01015625 0.0734375
0 0.08751366992769842 0.151756961728179 0.010062084233097578 0.029778406667727176
0 0.1222506177505375 0.2032879180657016 0.005871491701630305 0.01567954400063627
0 0.09165533434495483 0.07765184506283802 0.007433991701630305 0.01569772533418181
0 0.07795968724938422 0.07202855372770171 0.02170997925407576 0.039280676002545256
0 0.902734375 0.01875 0.01640625 0.0375
0 0.9142770794708236 0.06091378572563357 0.012109836307690003 0.02589942866804549
0 0.9584913272959849 0.2066126390634743 0.00827444128671182 0.016488066000954406
0 0.9515847654708078 0.22877826672897444 0.007315592531467274 0.014135225334181812
0 0.6045139303122715 0.9187243700270443 0.09607228444287888 0.12444656401177241