0 0.20279393016021424 0.06953125 0.01580685642649069 0.00625
0 0.1517656334130307 0.051171875 0.01890912437317933 0.00546875
0 0.6113768310577152 0.511328125 0.023687552586424764 0.00859375
0 0.7840289009640079 0.498046875 0.018931856426490867 0.00625
0 0.8541409925779131 0.518359375 0.026812552586424766 0.00859375
0 0.8940529387378472 0.516015625 0.04098871285298174 0.0125
0 0.9425245368178142 0.51484375 0.015784124373179508 0.00546875
0 0.9441851509640081 0.498046875 0.015806856426490868 0.00625
0 0.8921100055100368 0.475390625 0.020517088479802225 0.00703125
0 0.9751994702434802 0.479296875 0.007903428213245434 0.003125
0 0.2826285311764286 0.75625 0.03896321159934022 0.0234375
0 0.03684466973537295 0.71875 0.04507681927947216 0.01875
0 0.40230819685326163 0.64375 0.012704588479802048 0.00703125
0 0.4005411083734596 0.65078125 0.01890912437317933 0.00546875
0 0.3979586718136905 0.658984375 0.01268185642649069 0.00625