0 0.08616045333243169 0.3225347428284239 0.024436938311602718 0.01334573738612832
0 0.22550053003671505 0.2890960214102874 0.0338528486200282 0.01601686960011328
0 0.25063689773146675 0.282156540647581 0.016542617694751627 0.008385418874473949
0 0.27011360065356604 0.28596358692671675 0.04011648538950343 0.017016374409436708
0 0.37869855519887086 0.26786712331312845 0.036251145697928776 0.019223715153609787
0 0.4289664492735943 0.2766580527132986 0.02830227800317715 0.011138396641955418
0 0.3965397329588143 0.298195746815516 0.024436938311602673 0.01334573738612832
0 0.31202352394928273 0.3257316978152325 0.02764375892845372 0.018142364790789855
0 0.29220590179030415 0.34145590153609684 0.026835235389503432 0.01655258293962447
0 0.33943348072670093 0.3005010466804398 0.018105117694751628 0.008439982576804894
0 0.9470588173737354 0.3703076209508758 0.01898182508107791 0.013936014427970277
0 0.7498798543053664 0.3360615626060225 0.010265344155801336 0.006604664065150523