0 0.3620431270552496 0.09686882733371967 0.013630811264080478 0.027889559553293884
0 0.3593332083077085 0.13606724120884914 0.02415304802252862 0.04473245719592907
0 0.6491678356150596 0.08692767007587329 0.017848417700697717 0.04366010876750561
0 0.6082177306034382 0.09709032433579168 0.0062335745056321555 0.011192211124870611
0 0.6207095178562542 0.10312307754086199 0.011959050620418665 0.026254284946188023
0 0.4724385857411105 0.6222669336200259 0.03569148156266806 0.05383562944567011
0 0.442631663387273 0.3853202244596261 0.051758877976042325 0.09429796360606986
0 0.38699348659396016 0.40258582630026235 0.016865071907742113 0.029597608767505612
0 0.9819721228678757 0.5946342392443784 0.019629438988021164 0.04685788337461148
0 0.9899349472474572 0.56930783053879 0.010850018689433406 0.02153039764263518
0 0.9757223048569686 0.5386657023337197 0.01617665705703608 0.042024834160399746
0 0.9754714785481884 0.3903106122799077 0.019520178344359353 0.045295383374611475
0 0.9577376753298796 0.38169759160174327 0.011959050620418665 0.026254284946188023
0 0.9502800904326876 0.44208928204844933 0.008287747402109958 0.018296235731976297