0 0.17882153833018233 0.24461252044340537 0.05832815637700648 0.08814449220632987
0 0.04807170595780761 0.3157003706373992 0.009617339439121863 0.020132183540139438
0 0.6983367178300239 0.11479611141873321 0.007563516508343327 0.010647922896477802
0 0.6885113384768102 0.10685792528070355 0.006618492198083814 0.007468292574646896
0 0.3123516301999243 0.7498759517638072 0.016566702283992107 0.019061356436617417
0 0.27145273151126253 0.8746654612345747 0.013769250904511133 0.02509283514929379
0 0.26427265631920616 0.8049894226828135 0.0060829036634732605 0.012101162252816166
0 0.26043446573808815 0.7766376886483062 0.006700379353213571 0.009030792574646895
0 0.26473466276435553 0.7614388415564055 0.007563516508343327 0.010647922896477802
0 0.8217476416198851 0.9602510870293166 0.03683161465389269 0.0492787341605581
0 0.7807541494218011 0.9560606137645216 0.03469258254171699 0.05302109319506556
0 0.810546875 0.99375 0.01640625 0.0125