0 0.053491361037285044 0.4258882507855669 0.032651813695090584 0.0220568071815924
0 0.006640625 0.25859375 0.01328125 0.0078125
0 0.001953125 0.3328125 0.00390625 0.009375
0 0.014516246525472277 0.3116192055569291 0.010656897748246763 0.007871587334017605
0 0.001171875 0.305078125 0.00234375 0.00859375
0 0.45102079580103493 0.547150693309387 0.04414002621816175 0.030714189695149587
0 0.5839451148947964 0.4627524465308408 0.014663277297895938 0.009456813231716588
0 0.5816362904808059 0.4694089796592301 0.020132027297895937 0.00948862948849527
0 0.5778400632290526 0.477246478146699 0.013831962523071261 0.00867101805217665
0 0.6946904526485802 0.5566746424725064 0.05610910009228505 0.03468861738824671
0 0.3067136397240695 0.8893929959042882 0.07273539558877831 0.050404520979043
0 0.6057094933647115 0.8139660094679698 0.013831962523071261 0.00867101805217665