0 0.11670675575578207 0.4151325785788285 0.09807202090551304 0.15883565260503385
0 0.23579875451095128 0.48399275961746574 0.014782836817585476 0.02639983416039975
0 0.7784280573394312 0.47468838017179565 0.01386507892507769 0.024019696856846906
0 0.6052379057134297 0.1574677818458162 0.02286835260260105 0.031451207195929066
0 0.7684285149637078 0.1915505484925953 0.007804794724210673 0.013608735731976296
0 0.7845887176439547 0.24183093455554855 0.009640310509226247 0.01836901033908216
0 0.681927178252003 0.3323168474996646 0.012810813140062206 0.019295809553293887
0 0.693527225501169 0.20672609233012357 0.008586044724210673 0.013645123035529139
0 0.7164487860103952 0.18773849783064148 0.008404034200867017 0.010520123035529138
0 0.7213753570782587 0.20348121805399452 0.008358531570031146 0.009738873035529316
0 0.838618824086929 0.8118362965281246 0.028647915742663344 0.05041953101724665