0 0.32788414327654625 0.4098708505781989 0.020200800758604486 0.028285452283992284
0 0.3728375179020933 0.523242292798997 0.01812811772806633 0.021953565128862353
0 0.3205101946391247 0.38201198383237056 0.01916445924333523 0.02511950870642714
0 0.7796702996352453 0.09487769363536538 0.04398898712312231 0.052869372455808694
0 0.6870125552401891 0.06991917684410849 0.013903003333980025 0.01784259724103805
0 0.6957017711514842 0.12830820895628414 0.008115388939893543 0.013649742198083903
0 0.6880168813780957 0.11105763257680316 0.006297797424624463 0.010442855042954146
0 0.7788886628213836 0.2102537101437088 0.00993298045516262 0.016856629353213748
0 0.22224810229036063 0.7590890188274217 0.009151730455162621 0.01681568577564878
0 0.8746396497149851 0.6547313102118515 0.02962359818322895 0.03889208163720568
0 0.838622530319929 0.6268043840471412 0.025908666819680626 0.04103111374938138
0 0.7716105024401418 0.6036402009850259 0.023804032880756942 0.053367339439121864
0 0.8234836857002008 0.6672196831199158 0.016103232122152634 0.025736984396167804