0 0.14375 0.48831514000626264 0.0078125 0.018515053218308708
0 0.140625 0.6709091187189392 0.01171875 0.02816320482746306
0 0.12265625 0.6536369963168293 0.0125 0.02978033514929379
0 0.109375 0.4210676558457044 0.00546875 0.012101162252816166
0 0.10390625 0.4218571185928884 0.00625 0.013718292574646896
0 0.700390625 0.20846855691221836 0.06484375 0.12094056671196203
0 0.52109375 0.980859375 0.015625 0.03828125
0 0.49375 0.8459087547407531 0.00625 0.016843292574646895
0 0.501171875 0.8483808677981465 0.00625 0.013718292574646896
0 0.433203125 0.859253029798861 0.00546875 0.010538662252816166
0 0.42421875 0.900421656097806 0.00625 0.013718292574646896