0 0.3249336858334493 0.09961510631290338 0.023471799525030156 0.03225439060688338
0 0.2716133943932487 0.2337431314626846 0.01553314676606803 0.04405288893989354
0 0.23607702510322906 0.18572827184004712 0.016849985300678938 0.03949293469752817
0 0.7301279975136092 0.09299902471498508 0.008917976594251798 0.02173147878817261
0 0.7438081775792775 0.13138385729133048 0.007027927973732595 0.015353933030538159
0 0.46545740615189357 0.6820850366134357 0.012660452283992285 0.01892534318225909
0 0.43639016423672317 0.7875937252489177 0.013315549525030158 0.03142534318225891
0 0.4166270805075817 0.7604812325208513 0.013479323835289669 0.034550343182258914
0 0.43227865671772053 0.8810168731277349 0.01504182383528967 0.03467788893989354
0 0.7096351130720129 0.48408589456908313 0.015990170171816587 0.02308668469752817
0 0.6707850963943274 0.6040955700981666 0.017549348145549183 0.0379942075763454
0 0.6439481580744872 0.5697366100213364 0.012080598145549182 0.03754779742462446
0 0.6667587980567218 0.7108637408558012 0.017713122455808694 0.04111920757634539