0 0.2028569057811934 0.17083185790975913 0.005541472872636888 0.012722834486680412
0 0.20434038602009394 0.29150314941166205 0.00947953912941557 0.01835075197716627
0 0.1949608408405541 0.2911039013888283 0.007930674668035032 0.020630834980972068
0 0.18387737421443315 0.13214273686409186 0.010996587334017604 0.010601918973360824
0 0.9593046210911751 0.22787438952583025 0.010342602361132158 0.03244508547526355
0 0.952539264094254 0.27386401600870497 0.007976126463433176 0.028443334980972068
0 0.9634813092737937 0.2741995970353443 0.00713124394987581 0.01747400148287461
0 0.9442131588062554 0.18590110098967702 0.0071494246680350315 0.020599001482874614
0 0.9311273515264673 0.22003602045732934 0.003960792154477843 0.009534167490485856
0 0.9920901104543598 0.2890532993547966 0.008689198770336049 0.01675641847906917
0 0.9059273636267158 0.18667969239643956 0.0023892017953981437 0.007908000494291656
0 0.9662838619668909 0.9583040123015181 0.015075554156530302 0.04044858646384668
0 0.9510992235014053 0.9003150987653648 0.015030102361132336 0.03263608646384668
0 0.9178642822446266 0.8961992724344956 0.003988063231716588 0.014221667490485857
0 0.9231625880118838 0.8666795629478152 0.00713124394987581 0.01747400148287479
0 0.9171577672666098 0.8419183141835443 0.005532382513557366 0.011160334486680412