0 0.01015625 0.487619258519769 0.00625 0.013390344155801337
0 0.029296875 0.6133439843719106 0.00625 0.011827844155801515
0 0.02421875 0.657786595370322 0.0078125 0.021230117694751627
0 0.029296875 0.6949846093719106 0.01171875 0.030673301542127617
0 0.05390625 0.716015625 0.00625 0.00703125
0 0.553125 0.41097009658813805 0.03359375 0.06933638108743238
0 0.608203125 0.4123221138361375 0.0203125 0.0347295560063543
0 0.624609375 0.39737411099511616 0.009375 0.013444891233702095
0 0.0109375 0.82578125 0.021875 0.04375
0 0.0546875 0.7896621124164506 0.025 0.04809262662320544
0 0.087109375 0.9921875 0.02890625 0.015625
0 0.874609375 0.725390625 0.01171875 0.01171875