0 0.7811028707361038 0.10050456444304809 0.01978885523343692 0.03250649740210996
0 0.8378418417616151 0.1251687517539719 0.01752840521931951 0.04713172611478651
0 0.8179462062029778 0.1606827757652362 0.00867704998588259 0.015390053218308709
0 0.7440757021861367 0.23919268294832302 0.007296560509226247 0.018405792574646897
0 0.7115589692865703 0.24656528146521942 0.00550654735504672 0.01439028193098526
0 0.23834091265301077 0.7052329461898748 0.008168815770898164 0.02002292289647798
0 0.8592788915710298 0.8864909769479656 0.011384821032569903 0.02180394418380125
0 0.8411967495058897 0.845396083384583 0.007205555247554329 0.016843292574646895
0 0.8320265113446516 0.8495672722465535 0.00711454998588259 0.015280792574646896
0 0.8275815705384598 0.8675278094993695 0.009041071032569903 0.021640053218308707
0 0.8180735507718968 0.899569949165917 0.00789579998588259 0.015335422896477801
0 0.8140384981551783 0.8841634704532406 0.007023544724210851 0.013718292574646896
0 0.807947757363104 0.8873348880278875 0.0029807868317028863 0.011101390965492541