0 0.2361400207831755 0.4668940159251627 0.033554297571859945 0.05383562944567011
0 0.21741209550617757 0.36098113699622125 0.01919628087881229 0.04302440798171734
0 0.15667866706182298 0.5187069768428908 0.020326871865896833 0.0282534325888232
0 0.1530559103979054 0.42108711414644373 0.009116587226160888 0.018369010339082337
0 0.14877340726380234 0.4486673816195378 0.014167800079142267 0.03108733416039975
0 0.8188251459810312 0.5554417664418914 0.029003189891727742 0.058304805624352515
0 0.8631188836757282 0.504875609184045 0.03733852711788863 0.07663742865988184
0 0.7804708623970807 0.4606130137535496 0.011824050079142268 0.030978172249740865
0 0.7627616994253857 0.40315582847638465 0.006704641066226813 0.015916098428423453
0 0.752381792061823 0.5303732999403373 0.00828987311953817 0.016770123035529317
0 0.7639713356749034 0.5388300590388199 0.023815584718878215 0.04089898180303493
0 0.378515625 0.977734375 0.05859375 0.04453125
0 0.918359375 0.847265625 0.01953125 0.05546875