0 0.271875 0.25 0.015625 0.0421875
0 0.22510753378461165 0.27874348125692305 0.02137759288963732 0.04656411937061655
0 0.23415421167381148 0.027887134094686062 0.014427255931498984 0.028976101172019143
0 0.2272529542594377 0.06269293067091342 0.026432507414373772 0.036758322794389106
0 0.6052977580814491 0.34323677783315043 0.030032351292594406 0.08685845234403847
0 0.7319093028148377 0.685083717607975 0.012274506920082117 0.03351340684754511
0 0.7065127133852415 0.7124379595884106 0.015254926882026076 0.04928860117201914
0 0.6425848411038453 0.695416990665376 0.005515170950527093 0.020612888648948058
0 0.6343730930810116 0.6854912781423048 0.005324169961943959 0.015925388648948057
0 0.6855025002099648 0.5360262526947228 0.009612421939110405 0.025550712523071263
0 0.6578822010465423 0.5698959577380966 0.011238588935304605 0.027213342072720616
0 0.6524121217499237 0.5503548145394994 0.008576503954332714 0.019250647748246585
0 0.6402881592974937 0.5691601253045417 0.006950336958138337 0.01758801819859741
0 0.6353864478336471 0.5837285190430063 0.006169086958138337 0.017537953423772734
0 0.6220156617689516 0.5562398207087499 0.00604175296574958 0.014412953423772735