0 0.25818620587578023 0.29355961144416237 0.041853571032569994 0.022749091901054185
0 0.2890987887824054 0.30734886811709883 0.04497857103256999 0.022876425893442943
0 0.49432461507664727 0.2930011611204669 0.12309586575678075 0.03930919220506546
0 0.49250065720531566 0.3175946193714183 0.12998290258848363 0.05050136018984297
0 0.8521976637471118 0.26963990421897516 0.04056408681758548 0.02737292490485963
0 0.8078445716325608 0.2580438530783864 0.037947321032569904 0.02258992441056833
0 0.752319125599991 0.27692517496063135 0.04387109734092931 0.030625258897248563
0 0.8694337899919425 0.19555578193757892 0.09189136838761662 0.03881710228117754
0 0.98515625 0.2515625 0.0296875 0.034375
0 0.9890625 0.1859375 0.021875 0.0203125
0 0.989453125 0.171875 0.02109375 0.021875
0 0.0078125 0.8578125 0.015625 0.009375
0 0.6404183650766473 0.9539864461779886 0.04277132892507769 0.025124675399151288