0 0.40831611362093445 0.2926428136760547 0.05368272257925479 0.09646152551980922
0 0.36650281188390305 0.1533386102541383 0.018622325304411547 0.037902741701630216
0 0.69609375 0.3203125 0.0125 0.0296875
0 0.42628550831070394 0.6018285595268699 0.03410380409258416 0.0468400338181791
0 0.36194466277289195 0.8050787090093829 0.05495830909355419 0.0740420738601351
0 0.31801938405960994 0.839075662018703 0.015385755000969859 0.02678764294638576
0 0.29240536057681865 0.7866673460443412 0.016103232122152634 0.026065592531467275
0 0.2921578699747844 0.6803168912727786 0.017458438031507838 0.03315604211654879
0 0.2584049456536489 0.7609045017506315 0.006297797424624463 0.010570647095570606
0 0.2519082931483149 0.9023165794476016 0.006425343182258914 0.012133147095570607
0 0.24531553004191622 0.911744951335713 0.006425343182258914 0.012133147095570607
0 0.2580785448153048 0.8933084323520312 0.008769093182258913 0.012310745850815152
0 0.21317258080052062 0.8870059830792995 0.006297797424624463 0.010570647095570606
0 0.75703125 0.549609375 0.0359375 0.03984375