0 0.12076167373206062 0.3565060669021479 0.07605788896415219 0.052992348821136306
0 0.30084976481086273 0.3045416950964528 0.045432008706427315 0.019002009391540044
0 0.2863590182595653 0.28947378131315366 0.015335072930778538 0.00997983646384668
0 0.24857407422974473 0.27809524747277053 0.016897572930778537 0.010043503460041237
0 0.20026106597557308 0.27497488260574804 0.023188516508343325 0.011079421444818749
0 0.3927246653085469 0.6416815742979313 0.01369068577564878 0.008353669467652303
0 0.431640625 0.6328125 0.06328125 0.065625
0 0.5182259543181275 0.5942322072251872 0.052582767412854635 0.036444177376317735
0 0.5635484203969294 0.5477591138412582 0.020926653663473082 0.012546420950527094
0 0.7554725274182481 0.7067004085374659 0.06273901741285445 0.03685801285158128
0 0.7562604214707828 0.6769174080431742 0.04107205732694634 0.025061008402957087
0 0.8511601636688667 0.6800968047734136 0.058133404567984215 0.038229511862997965
0 0.7168222455889859 0.6115848739556452 0.03112384724103805 0.01374150642579064