0 0.03668764369044988 0.3321452140954856 0.00869828912941557 0.018469278939195276
0 0.045994465997352664 0.3444099956655167 0.006327268052176649 0.013645271046687312
0 0.0653484539953002 0.3760163114364148 0.0071176084112563485 0.01525327367752336
0 0.6721180957313376 0.30472201674749766 0.015043737899751618 0.03523954998588259
0 0.7008834451656035 0.3306243640884269 0.02060339149054773 0.05118306840173403
0 0.7623524707313376 0.30997757060904696 0.00793521984757497 0.02154877630835923
0 0.7690544556551251 0.29981746797115233 0.007126698770336048 0.01681577367752336
0 0.6991785533313702 0.15351197988050114 0.011868740924813714 0.026463789462538932
0 0.7310348139190876 0.1854557127447741 0.013440331283893414 0.028117294724210852
0 0.7338828184075827 0.16608372195269983 0.011051129488495093 0.020168286831702888
0 0.7486265744577071 0.1841357719385824 0.00869828912941557 0.018469278939195276
0 0.7551876588157603 0.19819441930068765 0.007917039129415571 0.018423776308359407
0 0.7647285578689634 0.1702248258707188 0.007898858411256348 0.01529877630835923
0 0.1683300203993726 0.6954442692371592 0.00555056323171641 0.014381018415851442
0 0.755542892767094 0.8554874916839692 0.015770445745273955 0.02591005261671846