0 0.2867885830199894 0.4648677121495125 0.041571069892376224 0.021967841901054184
0 0.435445483867695 0.4803355560091426 0.049638281017246655 0.027754926882026253
0 0.4699456853773542 0.4480118400966715 0.060267565963434674 0.03832501235728962
0 0.5081434484047783 0.41945112344276314 0.02469178494618802 0.011143088441013128
0 0.4671074757002258 0.3870743400966715 0.02309289764263518 0.01029817144481875
0 0.37185703794186153 0.3670821516173836 0.029379284946188022 0.011334089429596262
0 0.4509077601296852 0.3501632598114696 0.011192211124870611 0.0059144189733608245
0 0.6972112756383085 0.20616452144591246 0.026254284946188023 0.011206755437207505
0 0.6137983851296852 0.1966482472442152 0.02216609842842345 0.007141337946721471
0 0.6373097367631791 0.21408445079939656 0.00799443651776457 0.0042245849809718905
0 0.53671875 0.99765625 0.0203125 0.0046875
0 0.3867146734880861 0.922879154107432 0.015916098428423453 0.006886669961943958
0 0.3882493444972274 0.9138151953621891 0.00955693651776457 0.004288251977166269
0 0.45396531275610974 0.9130943065220247 0.007921661910658883 0.0026620849809718904
0 0.441711465568286 0.9272914342406283 0.012681936517764569 0.0044155859695550245
0 0.4544918516312393 0.9075937230239275 0.00799443651776457 0.0042245849809718905