0 0.290990372439172 0.21378254056909124 0.012260755000969858 0.026195085475263547
0 0.2955661731977763 0.2412217910633828 0.010825800758604487 0.027693918479069168
0 0.2938677528991837 0.35872895534097343 0.015258080305381583 0.06291383547526355
0 0.30257313767160243 0.35090783231813977 0.015481349850218961 0.04657125247145792
0 0.823905810325748 0.21534371127247248 0.02206618969849785 0.04138900395433272
0 0.8043819033630749 0.9144563612156071 0.008944436364518004 0.023724001482874613
0 0.8002763469995268 0.9166250269760725 0.007525457576345218 0.015879667984777513
0 0.8078180379059725 0.8468536964437249 0.009151730455162621 0.016724584980972068
0 0.8345080191946301 0.8685754933828351 0.014221867728066329 0.021603085969555024
0 0.8521181595719927 0.8315284560824109 0.023517119395056164 0.030547004448624192
0 0.8367322756330691 0.8433599526223696 0.014859596516238938 0.029415585969555024
0 0.8371465414694734 0.9247459096375922 0.01902093803150784 0.03269975346004124