0 0.06899131555001699 0.34512162319385453 0.016906897748246587 0.008194359707395904
0 0.11408436883536197 0.3923336766226567 0.07622134099298634 0.032977460581076555
0 0.1667961065753026 0.5160085457809032 0.05820252621816167 0.03177798328249999
0 0.753216121225543 0.2638950326725006 0.029226425046142524 0.017842116641250173
0 0.7248494929863405 0.1998591551555041 0.02638202729789576 0.009975065254479176
0 0.6642147767626414 0.9246019691757124 0.01856952729789594 0.009793227298576568
0 0.8126225971668497 0.9468341660312506 0.016906897748246764 0.008194359707395904
0 0.8645361493724604 0.9730797560291847 0.024819527297895938 0.00993869766329869
0 0.9024419135612755 0.9798301370131084 0.037720045496493174 0.016479638392743114
0 0.922969213067551 0.9525321731072751 0.02320696252307126 0.009121080072118027
0 0.9480850805878536 0.9879342309529348 0.016856832973422088 0.007413109707395904
0 0.9615264181109249 0.9796405135801743 0.01211926819859741 0.006522756933854268