0 0.21915491542008692 0.2808570901164904 0.023619313335454528 0.016853307326946166
0 0.2994961224140417 0.24056350039445515 0.018059656667727176 0.008754202283992285
0 0.23296714841260996 0.2265364213014406 0.018068747334499945 0.009535452283992284
0 0.24500834341181452 0.22131167175369626 0.024355110001590675 0.01298800090451131
0 0.2925236880768374 0.21169985498515365 0.013353975334181811 0.006946040818602839
0 0.367578125 0.217578125 0.00390625 0.00859375
0 0.8665737133990878 0.16507271709485485 0.01099204400063627 0.0052607100859082935
0 0.8343833767305652 0.14972215541469502 0.008657384667409219 0.005919129353213748
0 0.8186856513963836 0.14265328386339746 0.00942954400063627 0.005178822930778537
0 0.8077345153962243 0.14090819877748917 0.00864829400063627 0.005137879353213748
0 0.987890625 0.79765625 0.02421875 0.01875
0 0.957299531747269 0.7555610586259125 0.02903351933481808 0.012452412369900401
0 0.9351836290777917 0.733711513454096 0.013353975334181811 0.006946040818602839
0 0.9610103324116555 0.738968901513737 0.00942954400063627 0.005178822930778537