0 0.30184321996328495 0.3130799940523385 0.0641636858759707 0.09603975334181776
0 0.37110568871369687 0.2537419040618835 0.015334673701106106 0.028297722668681757
0 0.8227049421619788 0.444308635741542 0.008907395697928778 0.018068747334499945
0 0.32109375 0.9953125 0.015625 0.009375
0 0.3110864908630848 0.8883353537356559 0.009797739853730291 0.024327838001272716
0 0.31580808278677264 0.8903430227362922 0.008098872158978665 0.016497156667727175
0 0.2931304904576953 0.8217336544000424 0.009661372158978665 0.016515338001272716
0 0.270890161926688 0.8452981500636334 0.015225579545304768 0.022047722668681758
0 0.24527650730030537 0.8098509987269062 0.024764220779006862 0.031531810669954294
0 0.2630319103034825 0.8202117887292927 0.016143197240056396 0.02986931333545435
0 0.280842747559425 0.9008714427315198 0.020898881087432385 0.03383010733609062
0 0.758529393866262 0.8224421790658607 0.01935001785690744 0.03459317600254508