0 0.10625 0.519921875 0.0375 0.03984375
0 0.19799517170064931 0.5270681076458116 0.006562358294074144 0.012850453423772557
0 0.15747641564513987 0.4199827444444457 0.007617010367592591 0.016025518198597412
0 0.7148292315971305 0.16811580736895645 0.013974317106527767 0.02653222162236979
0 0.7353136706875242 0.2617400466500565 0.00789041244111104 0.019150518198597234
0 0.7410267827280335 0.28174691201089075 0.010273118661666558 0.028625647748246587
0 0.7699525108383113 0.2788867762919908 0.0068357603675925915 0.015975453423772733
0 0.7759338897261585 0.2733778547157636 0.004863157257314832 0.01118782387412338
0 0.7639991091890286 0.16733860579549767 0.006835760367592414 0.015975453423772733
0 0.7749270472662972 0.18610839219269232 0.005136559330833279 0.014312823874123382
0 0.7797071568563203 0.17188055867940316 0.006425657257314654 0.011287953423772734
0 0.7844045730438667 0.18553729449058826 0.00472645622055552 0.009625323874123381
0 0.7853324402681722 0.19738120642764975 0.004999858294074145 0.012750323874123382
0 0.3171706804894689 0.9897358362864536 0.01940411088597216 0.0175577398209672
0 0.5556658354377094 0.9041290033130316 0.012519123845462943 0.03653827729789594
0 0.53125 0.97578125 0.0328125 0.0484375