0 0.03583657457434519 0.4010975894848217 0.012018742003499838 0.025849427693097126
0 0.944140625 0.04140625 0.05390625 0.0828125
0 0.986328125 0.06328125 0.02734375 0.053125
0 0.9328623915897761 0.287531484442313 0.04797497067949941 0.09480396077238851
0 0.17432428027532082 0.7633587071185582 0.010365335335772663 0.018027837334017603
0 0.23570831763209252 0.5903570234735327 0.015952264003817974 0.028215903590796197
0 0.2133381499642062 0.5994709360904172 0.015970445337363515 0.02977840359079611
0 0.11945469326863929 0.8128933470965748 0.007167610001590674 0.011759656615858205
0 0.1144083856023439 0.8101885157635836 0.007967041335136215 0.013326701795398143
0 0.8591623569382756 0.5907024571185582 0.008802835335772485 0.018018746974937903
0 0.8368501839195037 0.7291041543763631 0.012018742003499838 0.025849427693097126
0 0.8134209535725953 0.8292336919932477 0.008766472668681757 0.014893746974937904
0 0.7719772462205962 0.9669654961497779 0.012836354670590567 0.02897897287263689