0 0.11847523038744745 0.45034153819583667 0.020512521751493117 0.010251844849248926
0 0.2533691217721524 0.9469691765317563 0.02051252175149294 0.010251844849248926
0 0.29372201804868014 0.928346593351437 0.015752286569131968 0.006744207576345218
0 0.28846238169796834 0.918915808199716 0.014189786569131968 0.006616661818710767
0 0.27054818308473916 0.915105281986919 0.0204579703647223 0.007908094849248926
0 0.23788115344946145 0.9061768210765937 0.0142079703647223 0.007397911818710768
0 0.2528612819163885 0.9015291307741217 0.012627286569131969 0.006489116061076316
0 0.24987266038331554 0.8954146642588526 0.010992051386770818 0.0032365703034418656
0 0.90625 0.99375 0.03125 0.0125
0 0.944748422683958 0.9858244469100885 0.026780705547083273 0.011543277879787085
0 0.9413422270626907 0.9640212075160022 0.012590918977951305 0.004926616061076317
0 0.9675050101648954 0.9665482239563807 0.012627286569131969 0.006489116061076316
0 0.9875632636318226 0.962315057366221 0.011064786569131967 0.006361570303441866