0 0.42412863631293496 0.4765151164451811 0.03792576433445607 0.07022166486710972
0 0.6724898584040508 0.3002366683416374 0.035133686767857955 0.09731509099298634
0 0.6717908159321553 0.10703738086470879 0.01790242441056833 0.037770110271317846
0 0.5043314019017104 0.6288332352759305 0.011015754448624192 0.021744592072720614
0 0.525 0.73671875 0.009375 0.0578125
0 0.521484375 0.810546875 0.01640625 0.05859375
0 0.48423117163619284 0.9308963830241771 0.010170837452429993 0.020132027297895937
0 0.8297797642786845 0.741403685229788 0.014250842395345843 0.04376978639719446
0 0.7720209789554265 0.7151054507290497 0.01452275642579064 0.031319851172019145
0 0.7550781946207517 0.6815163479374293 0.022158842889637497 0.04661418414544123
0 0.7300974172061592 0.6157155224437048 0.01452275642579064 0.03131985117201923
0 0.7145069092974937 0.6541166883905487 0.011270422433401883 0.027994592072720613
0 0.6932294520351255 0.6504153446982268 0.005196835969555202 0.01280038864894797
0 0.6913817798488695 0.6766372844730515 0.006791169467652303 0.01368176819859741
0 0.6835546923964395 0.6966191174464734 0.005946252471457925 0.012069203423772734