0 0.4183796069077334 0.062442943802677855 0.031708072373575466 0.061671162369900404
0 0.44547499214437175 0.2541700983706622 0.009049668320799498 0.02697193577564878
0 0.43855182702864254 0.26829567475014315 0.007014133374611475 0.016733798620519026
0 0.4674334791169478 0.2283019781761313 0.012138281017246655 0.026354460085908117
0 0.45284976747534866 0.2807923527238757 0.005415246071058632 0.01587066146538927
0 0.459224968985008 0.3120611634995245 0.005196922249740865 0.01118316146538927
0 0.17578125 0.707421875 0.0109375 0.01484375
0 0.11505764991894676 0.8020526594292242 0.0244948858558109 0.057396420171816585
0 0.09608501799207732 0.8731087878779269 0.030781273159363742 0.05850521879233561
0 0.08912013833926484 0.8292785617359307 0.016789393713693722 0.025818871551297563
0 0.1015625 0.993359375 0.0109375 0.01328125