0 0.856538699104836 0.11014547192691171 0.0116779796419344 0.03653827729789594
0 0.8537548581118495 0.07884540715208706 0.012189119370616553 0.020232156847545247
0 0.853336206815246 0.23014769007936647 0.007751943244739934 0.02383801819859723
0 0.848889137490772 0.22752858381783084 0.006470045496493171 0.015975453423772646
0 0.8639418422249914 0.29851695827796376 0.008032545496493172 0.01607558297342191
0 0.8888620978543751 0.2806628782345899 0.013070498920265905 0.021844721622369966
0 0.9104558968207833 0.32017071521779406 0.02216489666851231 0.030207934145441227
0 0.8936142030361764 0.3062537623338885 0.013571146668512312 0.02965722162236988
0 0.8848668090669994 0.22438784584717758 0.017677655767811017 0.03303254549649317
0 0.5200245693198614 0.9679626191352912 0.009494915946843818 0.014613212523071262
0 0.9649528878737555 0.7110046699520135 0.02414770126430419 0.0490079989202659