0 0.3171875 0.027913019072317267 0.0359375 0.041785680913749526
0 0.252734375 0.0620938598415421 0.02421875 0.041678937137526975
0 0.23046875 0.02734375 0.03125 0.0546875
0 0.1875 0.18344327519584827 0.01171875 0.023544243776222728
0 0.180078125 0.18869317125412266 0.01171875 0.019637993776222728
0 0.167578125 0.1744059896154268 0.00859375 0.017057445435896667
0 0.16875 0.9407346343240551 0.0125 0.022822193361304245
0 0.746875 0.6617776109790846 0.0265625 0.044200285892771515
0 0.817578125 0.5251700485292077 0.03359375 0.05332683215850498
0 0.80078125 0.4819115896084602 0.04453125 0.06587437634964619
0 0.7890625 0.43631520838468296 0.01328125 0.026006392946385758
0 0.74375 0.46553003431941065 0.01328125 0.02444389294638576
0 0.6890625 0.5497521302751165 0.01484375 0.03003104211654879
0 0.703515625 0.4693600629511085 0.00703125 0.012251546265733637