0 0.1182803544791569 0.529238973680024 0.05945024310259513 0.036307938360092606
0 0.9387903886832681 0.3288504742689133 0.0795956467660682 0.049735451319583034
0 0.980859375 0.362890625 0.03828125 0.03984375
0 0.99453125 0.246875 0.0109375 0.0109375
0 0.9518027230340074 0.2289482190851171 0.01846007293077854 0.010947061922731293
0 0.8427978762452251 0.2388737413990752 0.02154412935321375 0.010439213996249919
0 0.8382520177535685 0.2291617697685428 0.04218417797373277 0.01846632747412045
0 0.7781710108561635 0.20331146072053344 0.023147572930778536 0.011357165033009053
0 0.7169657165888581 0.20633322641333418 0.029479460085908293 0.013466469180046303
0 0.8049758502952855 0.18152464361400567 0.010565685775648781 0.008701056738935087
0 0.3602553711568424 0.9784345274028252 0.0442789444820761 0.02875927851087958
0 0.6332524578824309 0.9195188571860197 0.10772064676606821 0.052196069981249774