0 0.11141928725522598 0.014056693387952013 0.012719807878390377 0.017323860001590852
0 0.1609002241504573 0.07052968839511084 0.007713789462538756 0.011800566000954405
0 0.14790703597510158 0.05200668139320186 0.00867704998588259 0.014934656667727354
0 0.987890625 0.00546875 0.01328125 0.0109375
0 0.04805895441918793 0.6115538567194294 0.02796537628012441 0.03779999200349984
0 0.10759852431280788 0.7772021307288153 0.04344616311182729 0.048910214672181596
0 0.18720897155491495 0.6452259720719058 0.00858604472421085 0.013372156667727352
0 0.7228406045885971 0.9302498600612472 0.019470336817585476 0.025990335335772663
0 0.7558564083795594 0.7660694550644289 0.01175654735504672 0.014189769334818081
0 0.7567549030825937 0.7305089440642698 0.01464632892507769 0.023592041335136215
0 0.7999133688817268 0.7411742714035422 0.009640310509226247 0.018068747334499945