0 0.26946640505096253 0.493803415425021 0.07955074220632988 0.05832000519108469
0 0.1260334793044931 0.42320394713622644 0.03512339901126431 0.023831613125944708
0 0.243029955167178 0.3716631049157947 0.019569454827463063 0.012810813140062294
0 0.02265625 0.423046875 0.0453125 0.04609375
0 0.46658456457983777 0.7338658797675617 0.02274908514929379 0.013774073663405773
0 0.3681963410629413 0.695456556174743 0.024420845792955604 0.015427578925077689
0 0.9638530484882943 0.8604815876741869 0.02760047611478651 0.016390839448421346
0 0.9147490949597763 0.8370028021931954 0.02180394418380125 0.011384821032569903
0 0.7158609857992182 0.7911838905379605 0.015390053218308709 0.00867704998588259
0 0.6745722091900639 0.7848887524190744 0.02024144418380125 0.011293815770898163
0 0.764645188154842 0.8601610391801902 0.06312271287323465 0.0347992052052021