0 0.04396569937487702 0.40638139773826365 0.00857639183263199 0.022147818511654194
0 0.0657997765981289 0.40678938090563177 0.012700896641955417 0.02853422776748147
0 0.11993171589102296 0.44313361947288643 0.005014882213985139 0.009538691106992658
0 0.11658846108169954 0.44949274687754814 0.0035069459163160842 0.011046627404661714
0 0.8041591549098399 0.28266610082615584 0.005069445916316084 0.011101191106992658
0 0.8065314313611186 0.24825017804940774 0.004905754809323426 0.006413691106992659
0 0.10758921711455827 0.7295485518682814 0.005233137023308565 0.01578869110699266
0 0.558984375 0.979296875 0.01640625 0.04140625
0 0.5741926133976186 0.8837908631659506 0.009630460344286362 0.029987600362819576
0 0.579109519932298 0.9440922015054616 0.008521828130301046 0.020585318511654193
0 0.5946030725183695 0.9361383304077359 0.012137901451278844 0.03475694591631608
0 0.6068513459744235 0.864703557268168 0.007958832939624471 0.02680803666048881
0 0.6061655990120574 0.7390996393007432 0.004779269237293704 0.025136409255827274