0 0.5873806547118995 0.16889597103295112 0.03985331192273147 0.021093621062046174
0 0.4774489343773161 0.17088858338559448 0.05551726814328699 0.031680305759574166
0 0.4386157450040985 0.1581572616446838 0.047226314514629664 0.025573826971401557
0 0.39503662130004746 0.15977541785845073 0.03842751295949078 0.022528575304411547
0 0.8317704227137744 0.38640929165050275 0.04906221658814811 0.028826372729036008
0 0.721875 0.371875 0.025 0.0203125
0 0.8182198430719918 0.3196442386209345 0.01545890466541664 0.008242934697528171
0 0.924845416658265 0.2756474571776465 0.014540953628657505 0.006616661818710767
0 0.3013053908806955 0.72001122278453 0.03187471658814811 0.027423369395056164
0 0.98359375 0.9484375 0.0328125 0.025
0 0.9369305325866215 0.9665043591393496 0.04906221658814811 0.028826372729036008