0 0.046976712976014044 0.3134707582807373 0.012340503333979846 0.017824536831702886
0 0.09180312206471904 0.251987591222656 0.007987843182258914 0.01212827367752336
0 0.08047493259574204 0.27187900963144873 0.00902418469752817 0.01529877630835923
0 0.7362549460765936 0.05919736362005494 0.01838320924333523 0.02517430524755433
0 0.7650813188056297 0.10461627943330534 0.01434941348570078 0.023384292093374802
0 0.0078125 0.60078125 0.015625 0.0609375
0 0.01328125 0.807421875 0.0265625 0.05234375
0 0.036844232750372366 0.8122915425168978 0.01654964227387339 0.03128779735504672
0 0.01528758139264319 0.9713249082736783 0.026291304092584334 0.04585082629424182
0 0.026974638360165316 0.9125568530261241 0.010841776212797073 0.01851478157003115
0 0.813367180928752 0.6783873438887855 0.006425343182258914 0.012037268415851444
0 0.8515447838834298 0.6796960912932433 0.0055165474246244624 0.010429265785015573