0 0.4304592785845265 0.3888012235505032 0.03060511000159085 0.011896012002052458
0 0.3336289109047089 0.48511943905687654 0.15444259933959065 0.04698915036934235
0 0.12140217825034472 0.3932536050425087 0.18038748134149962 0.06120164129415606
0 0.01484375 0.401953125 0.0296875 0.03828125
0 0.1966478999244353 0.3390001696885605 0.03690056333545444 0.0158386234383709
0 0.7832481975851628 0.2131080836706823 0.04866476666931803 0.019813051131468206
0 0.8652109939131403 0.25304072511213216 0.036846019334818084 0.01115112343837108
0 0.5910703355943896 0.14401667432434948 0.038435791335136305 0.013503963797450603
0 0.6703990279280942 0.14174363504764012 0.021184656667727175 0.007935219847574792
0 0.6159297039306395 0.12267547247985347 0.029024428668045398 0.010324421642972936
0 0.6737785665977304 0.11988681576579933 0.025081816000954493 0.007176695745273953
0 0.7787203315961395 0.1322168924139036 0.023519316000954405 0.007167605386194253
0 0.9542879509269806 0.9211705685453719 0.02988749466899989 0.017360216822512698