0 0.06708281989012158 0.2282396199252174 0.04149829528527036 0.019459112012708956
0 0.7857601031814252 0.34407865137667654 0.030488020678164317 0.017705697240056394
0 0.5817114771479679 0.24528195677577055 0.023202059553293887 0.012114216314779824
0 0.4664118088271684 0.21672848843239567 0.016770123035529317 0.008098872158978665
0 0.44140625 0.997265625 0.0171875 0.00546875
0 0.65358540012158 0.8935276548282536 0.049456344499482 0.022720479707460585
0 0.7533767116393445 0.8991725929363377 0.031050946856846905 0.013031834009531628
0 0.6932375782647331 0.8817299484562249 0.021603172249741044 0.011305692775829712
0 0.7027570504525568 0.868235351459402 0.03666524607105863 0.01625229139585791
0 0.7742960064078862 0.8706549908663801 0.027853172249741043 0.011414786931630871
0 0.8988797064698033 0.897418975443457 0.025327485731976296 0.007467626623205348