0 0.20566708932889405 0.1535825718650215 0.029543849850218785 0.04624374092481372
0 0.28757794320165564 0.3965220386384363 0.03683019136548786 0.0494096475406721
0 0.7097647869032998 0.05728935484611704 0.020184825304411548 0.03681874394987581
0 0.589453125 0.015625 0.03515625 0.03125
0 0.670597995168208 0.2518907946885605 0.022145938031508015 0.03214487948849527
0 0.6240185410707746 0.07826466973765842 0.014285640606883554 0.021947722872636976
0 0.123828125 0.99140625 0.01640625 0.0171875
0 0.11905056805672362 0.9136196768093343 0.007987843182258914 0.011759656615858205
0 0.06653179721934936 0.805943271755105 0.00902418469752817 0.014889201795398144
0 0.054015950703110424 0.7769779344210875 0.010841776212797073 0.018023292154477667
0 0.49143755621861623 0.7883509903356385 0.007987843182258914 0.011759656615858293
0 0.47208184280780596 0.7425569617448423 0.011623026212797071 0.018027837334017516