0 0.1134002797808514 0.0769001271871311 0.021236382573423463 0.03357650395433272
0 0.09662411702559118 0.24332825836577596 0.030446361827499047 0.07289367193911023
0 0.0931399370488915 0.34730546908818527 0.028173466806521042 0.06345500494291585
0 0.15140133901859318 0.29399345598945814 0.01619368506293455 0.02869800296574958
0 0.12481691215378224 0.3930344631566863 0.01967388257342346 0.03351283695813834
0 0.11769149638687963 0.4231039651338525 0.025438630498831216 0.037641921444818746
0 0.676549337981297 0.33673074847994416 0.01799298340326061 0.03188666996194396
0 0.22890625 0.637890625 0.034375 0.03671875
0 0.26071881536127284 0.6582409925484451 0.015175636722608488 0.0255411694676523
0 0.2492853305081198 0.7245344960084863 0.014690384648016063 0.0294155859695552
0 0.1541145404661636 0.7096045157801497 0.03761932178554286 0.054493840418179396