0 0.30665443810050996 0.2156113460474134 0.017167667624907422 0.027253858767505613
0 0.3562811656218985 0.024952112796636384 0.02311487125356475 0.032977319892376136
0 0.6805957135952554 0.33587782340477823 0.01719706192273147 0.01869649607105863
0 0.6204603587647928 0.4538797296291673 0.01332976814328699 0.027853172249740866
0 0.6300301398675704 0.4072594407540377 0.02172802851087958 0.04380565798171752
0 0.6220809388308112 0.4084580677185084 0.01002911088597216 0.016806510339082335
0 0.42834563597972314 0.6335950586200259 0.014618866069768543 0.024800946856846907
0 0.44891064288370447 0.5106123999144375 0.016083621253564752 0.03264983416039975
0 0.460546875 0.477734375 0.01796875 0.01640625
0 0.47278356786007036 0.5874221297530017 0.014618866069768543 0.024800946856846907
0 0.7893243933079404 0.5654529304149556 0.019648118661666557 0.028925520678164496
0 0.7424548827989359 0.6170036410230975 0.01730436866166656 0.02881635876750561