0 0.09059376623474895 0.34641184260797503 0.024858758891340215 0.06546431369509058
0 0.9317923468804921 0.10514769007936646 0.010539393713693812 0.02560077729789594
0 0.9164862164013646 0.23189066278147052 0.011757291356328992 0.035025842072720616
0 0.9667355423942954 0.3138607572443721 0.01380994292790554 0.028926036397194467
0 0.9059639393130595 0.27274620025839924 0.0062692706781643185 0.017537953423772734
0 0.9930519474805287 0.18625619138981336 0.012611315963434677 0.036638406847545116
0 0.14786386145584735 0.45740585093669395 0.023767139784752443 0.042026813695090495
0 0.13027502409037722 0.48174511566537603 0.011102319892376223 0.02096334207272057
0 0.11726452481424818 0.5087285190430062 0.015192660462916762 0.058613536397194556
0 0.09279412107331311 0.8911154684569965 0.005342471463952591 0.014362888648948057
0 0.9235464303170208 0.7314289890457749 0.005269696856846906 0.012800388648948058
0 0.9553464900774571 0.7973287465254723 0.006123721463952769 0.014412953423772735