0 0.29780372753421835 0.12209837575585958 0.04796379005001246 0.11848691800604527
0 0.27154679559330275 0.3261588934197688 0.06382212226160817 0.1803693000079541
0 0.22250586233223899 0.05088589974535997 0.009343907759274295 0.025881247334499945
0 0.7366066405059132 0.12331970208065535 0.009988765439406144 0.02120283800127254
0 0.7320776075487833 0.22525464574711 0.011596729546028861 0.02278351933481808
0 0.3899360885795626 0.938258630410542 0.007463159012915455 0.014925566000954404
0 0.3923797843105318 0.854274255410542 0.007599551332783605 0.019613066000954405
0 0.38866858834845336 0.7803779504097464 0.006659176959604096 0.014135225334181812
0 0.39916581914812355 0.7687773790777919 0.006841033386094963 0.02038522533418181
0 0.3668420582943172 0.7515986960733375 0.005786998746358662 0.01100113466740904
0 0.655426387438317 0.9566276434197688 0.032332778371529966 0.0644170360041361