0 0.7852345532872966 0.2879722744072012 0.048331084186749605 0.025545440006363405
0 0.9012690769648198 0.282286443089564 0.028435813140062292 0.01906817333704538
0 0.8179175216466783 0.22346487907779186 0.015253273677523183 0.007203972668681757
0 0.7231506887047596 0.17271917073120155 0.014381018415851442 0.005632382001908987
0 0.171875 0.997265625 0.0375 0.00546875
0 0.638671875 0.991796875 0.04609375 0.01640625
0 0.8135639506141084 0.9624012044278821 0.0439698078783902 0.017687486672499732
0 0.9570293769154089 0.9488258761139038 0.026463789462538755 0.012018742003499838
0 0.6657596348079167 0.9430913074076784 0.02972529735504672 0.014398854670590744
0 0.7469375282237681 0.9385634414186551 0.024855786831702885 0.011219310669954297
0 0.6160889821135523 0.8764529717337469 0.012818518415851443 0.005614200668363623