0 0.006640625 0.157421875 0.01328125 0.04765625
0 0.06030873619701662 0.035817452028642546 0.007077670950527093 0.020603598428423454
0 0.08223148644416245 0.035970482529160554 0.005706171939110405 0.02521832382131759
0 0.0842011754363324 0.14193901943981935 0.005642504942915849 0.02365582382131759
0 0.6171469738583174 0.12209847735961947 0.04384284190105418 0.04258991439185813
0 0.38827985108262963 0.6656986779382654 0.019224843878220453 0.05080052067816432
0 0.8850414572995493 0.880186094087452 0.018460839923887827 0.032050520678164496
0 0.9235064145619175 0.8733067975615818 0.008512836958138337 0.017551373035529318
0 0.9510657053223829 0.8677181732854529 0.010202670950527093 0.02074914764263518
0 0.9670375679650933 0.8082693216519591 0.013646005931499072 0.028707196856846907
0 0.9798240694479681 0.8147183747951121 0.013582338935304606 0.027144696856846905