0 0.380143707812847 0.37306397189283286 0.029783853390822124 0.08668765775927412
0 0.32632417586458706 0.45207852781121627 0.0558925891227986 0.09446906551854858
0 0.3578491767956004 0.347896487332239 0.022767565963434676 0.03655126543940614
0 0.6394447403825343 0.22478742785078748 0.0316352977664696 0.05943483597251955
0 0.7138305222260958 0.41937367639929046 0.024985037427387446 0.05065922954602886
0 0.7387031666636605 0.41591187569332766 0.013137854838564066 0.03080973079967002
0 0.7648943702402344 0.5751319314138554 0.020787688998963993 0.044295569279472244
0 0.7877347108107751 0.6120181659744492 0.011138707195929066 0.021389266693047304
0 0.758576922866659 0.5150779756537565 0.009430657981717338 0.018218802586424766
0 0.4264053929875681 0.9757241390544162 0.012283830231458381 0.029224498746358664
0 0.66640625 0.992578125 0.009375 0.01484375
0 0.6708671573580356 0.9356166219324038 0.007868157981717338 0.01817333847980205
0 0.621875 0.823828125 0.0046875 0.02734375
0 0.629888938789567 0.8116395643314143 0.019079639784752266 0.04112510517284953
0 0.6395678457378271 0.7339093694251215 0.012065506410140791 0.024536998746358663
0 0.6710190529337561 0.7541165693459793 0.005941784946188022 0.010315374373179509