0 0.37560605873499175 0.4695396267305652 0.006287797355046721 0.014126134667409218
0 0.38470767843802633 0.5051683177315198 0.008305323663405773 0.021956816000954404
0 0.40754906257536483 0.5823350734006787 0.006978042093374803 0.01257272533418181
0 0.8193711047746204 0.3491813997254746 0.013713160480991426 0.04778351933481808
0 0.8408470454749313 0.44311775839431533 0.02270872888272546 0.06818692600254543
0 0.19134481531208153 0.6708114990650651 0.007706084186749606 0.02507272533418181
0 0.1998549008142491 0.6962839400660197 0.00481630261671846 0.015670453333863677
0 0.1976819679358587 0.6790828040658606 0.006196792093374803 0.012563634667409219
0 0.21044306129524043 0.7440310967337469 0.0061057868317028864 0.01100113466740904
0 0.21146301785115415 0.7682453014003606 0.00481630261671846 0.015670453333863677
0 0.8098080545416828 0.8913726240451798 0.055604528868607964 0.08340339334022709