0 0.001953125 0.170703125 0.00390625 0.02734375
0 0.007052375084817974 0.17872221760324897 0.01100198738612832 0.02492894418380125
0 0.7707626836613393 0.05570801160289172 0.011483137023308387 0.016389824505632155
0 0.7422185487686155 0.14659241463704187 0.010729168874473949 0.01711644418380125
0 0.7266518297127316 0.12692726575182833 0.013263891832631991 0.022749085149293878
0 0.7038864688666248 0.24873388685499326 0.015716769237293704 0.02603797611478651
0 0.7227815572061359 0.24036419397013703 0.012373514427970278 0.019569454827463063
0 0.742573229392321 0.28009600640711163 0.0073859140651507 0.010647922896477802
0 0.23957843220613598 0.5116873549240081 0.020649805897782515 0.03339700804577177
0 0.2626897945922642 0.5343491407518284 0.0073859140651505225 0.010647922896477802
0 0.8328348862434863 0.6504576009011223 0.028816969962933037 0.044099561264080475