0 0.290675481340279 0.34173432355939626 0.01038139294638576 0.013991645020978183
0 0.29155672480415173 0.3072350966922631 0.011873037967363942 0.023425844606059697
0 0.3349578162983228 0.3264474992866647 0.00839284045687485 0.018501546265733637
0 0.9678644820652252 0.21078476525870435 0.03483786390209147 0.07021833423309758
0 0.9819144040559051 0.17068090613049752 0.029629223030298135 0.052734836307690006
0 0.9729636113146565 0.06280920654541608 0.01175463879720091 0.0218633446060597
0 0.94609375 0.010546875 0.015625 0.02109375
0 0.1406753120372805 0.44582659855475193 0.01763778589277134 0.02774649170163026
0 0.21327282375988893 0.4761841610046287 0.010192138797200823 0.021744945435896668
0 0.23084604367829856 0.5338311789510144 0.010192138797200823 0.021744945435896668
0 0.2562909631817897 0.5928514427482152 0.00839284045687485 0.018501546265733637
0 0.24707792407688328 0.7121633774987997 0.013009485477852856 0.028172544191141215
0 0.26179161951277996 0.7218227200302669 0.020265878424238614 0.041927390871793334
0 0.29890820613281976 0.7964859282260681 0.012772687137526972 0.025047544191141212
0 0.29693852065728904 0.8627500069603344 0.015282380498831039 0.037665943361304244
0 0.32141599586242614 0.7706163401561358 0.006238344606059698 0.010570647095570606
0 0.8539562700325891 0.7543939779160403 0.026764332158505155 0.03542893713752697