0 0.10232079116618627 0.15001837717201932 0.021161639434303936 0.04249831314006229
0 0.5268248438887855 0.26745192449177235 0.0033980157850155733 0.004869510523343834
0 0.2687176703242017 0.7297258693853923 0.016709357864272877 0.03289579998588259
0 0.22091168895181462 0.9448657509977757 0.02657718152767874 0.05527132892507751
0 0.1857925072829615 0.8479683641943077 0.028321692051022484 0.058487334186749604
0 0.26951636095392545 0.5612338391307791 0.020546989406069117 0.07204930524755433
0 0.2767400858551034 0.45739584307703307 0.020000957836037968 0.06267430524755442
0 0.328841641173245 0.5184390298663837 0.012484589448421434 0.027199536831702887
0 0.31283648055107927 0.41638370620297777 0.015146857864272967 0.032804794724210676
0 0.30916508446909824 0.38520581278712634 0.020797618387616623 0.0362483131400622
0 0.55390625 0.976953125 0.021875 0.04609375
0 0.5820702978844504 0.8388660154673733 0.018726884172632196 0.04079930524755433
0 0.6605439083795592 0.8105127732892938 0.010140839448421434 0.027063028939195276
0 0.6610101280896525 0.78231951934304 0.008032307878390377 0.01759702367752336
0 0.654093728202592 0.90106951934304 0.009594807878390376 0.01768802893919528