0 0.4098610023962939 0.37991033610852387 0.01418976502711473 0.022858345792955603
0 0.39553741501317835 0.35865537206239495 0.015761355386194255 0.024530106436617415
0 0.43409163622599045 0.24194330145359794 0.00870737948849527 0.020132183540139438
0 0.4150757432229117 0.2889575541775386 0.007889768052176649 0.013827553218308707
0 0.6220564753671267 0.2416458755810777 0.021289192720211857 0.035068768689433406
0 0.613671875 0.4609375 0.03359375 0.0578125
0 0.6724443068965096 0.3728332145011558 0.03550622882456515 0.06261461448238918
0 0.6640197703011769 0.07588715868495707 0.030105656517662283 0.07395095222957301
0 0.6174720232280431 0.022914977994809193 0.015788626463433174 0.029217606436617326
0 0.4853377253671267 0.8127396255810776 0.021289192720211857 0.035068768689433406
0 0.480753273228043 0.5940087279948092 0.015788626463433174 0.029217606436617326
0 0.8796945068356912 0.5006848809029085 0.00948862948849527 0.02018681386197052