0 0.3083298813700191 0.10177931940233034 0.007731586958138336 0.01731023092527657
0 0.37117872055246953 0.07296763961379185 0.00798625494291585 0.023560230925276572
0 0.4897960693736059 0.15860117654542288 0.03204317885919252 0.05833069724005639
0 0.5128217104380826 0.08208156392380603 0.016484504448624194 0.02136648538950343
0 0.5197740587463369 0.2084326939969409 0.01661183844101295 0.02449148538950343
0 0.5450990402104022 0.2958187585263595 0.012051672433401706 0.027534664772652383
0 0.5619237608186433 0.23736335329106897 0.012752009391540042 0.04472216477265238
0 0.5588770152672676 0.2163377871384448 0.007795253954332715 0.01887273092527657
0 0.4897960693736059 0.15860117654542288 0.03204317885919252 0.05833069724005639
0 0.5128217104380826 0.08208156392380603 0.016484504448624194 0.02136648538950343
0 0.5197740587463369 0.2084326939969409 0.01661183844101295 0.02449148538950343
0 0.5450990402104022 0.2958187585263595 0.012051672433401706 0.027534664772652383
0 0.5619237608186433 0.23736335329106897 0.012752009391540042 0.04472216477265238
0 0.5588770152672676 0.2163377871384448 0.007795253954332715 0.01887273092527657
0 0.8601496731376581 0.5866073997600616 0.010170837452429993 0.019694891233702095
0 0.8854514441264602 0.6841428959047428 0.006823002965749581 0.014171594155801336
0 0.8601496731376581 0.5866073997600616 0.010170837452429993 0.019694891233702095
0 0.8854514441264602 0.6841428959047428 0.006823002965749581 0.014171594155801336