0 0.4338722136038152 0.06801030035990552 0.012592045285270359 0.01970659318225909
0 0.5898921003906396 0.1868082911914609 0.012773981803034929 0.023612843182258914
0 0.5951093703449329 0.23147507467619183 0.009357883374611475 0.017107751666990013
0 0.6167874712545557 0.2759745027057601 0.012138281017246655 0.026674070303441866
0 0.6239824641205439 0.2789161717964047 0.00843108416039975 0.013918978788172609
0 0.08364533146980344 0.5745552660416797 0.013518844499482086 0.022895366061076318
0 0.7129133004525567 0.5387772627076998 0.012138281017246655 0.02667407030344169
0 0.71530415012158 0.5648534783894739 0.007758996071058633 0.016198955909355384
0 0.7102431417469683 0.5487979792229687 0.00843108416039975 0.013918978788172609
0 0.7245914129418616 0.6127170224801184 0.007577059553294063 0.012292705909355384
0 0.73383157609312 0.6343130322525371 0.007758996071058633 0.016198955909355384