0 0.3283694483773433 0.19401583201473027 0.027489873575104084 0.04139083944842135
0 0.3854510569441838 0.036043343782904726 0.00901197729857639 0.0184692789391951
0 0.39129257475378454 0.01970920036705328 0.006559124525034754 0.013645271046687401
0 0.40304638592420117 0.08456065564284257 0.00901197729857639 0.01846927893919519
0 0.3927063383371524 0.19360943195120184 0.00830346248093754 0.02154877630835923
0 0.40233558487022536 0.19890002406575275 0.012682491166284749 0.04208878946253893
0 0.4274161055296176 0.2610248096173313 0.008339830072118203 0.02311127630835923
0 0.4240355525757808 0.3224666911944212 0.010047800436840327 0.029452281570031148
0 0.4494641781929163 0.2355547372693434 0.008048889342673605 0.01061127630835923
0 0.6624752841005901 0.7192688555863728 0.020731380508958352 0.05270006577089816
0 0.6849103891067878 0.8782913924533693 0.009902330072118026 0.023202281570031145