0 0.6288834162555945 0.13163340089453673 0.029378964672181596 0.04180283942959626
0 0.3009512359564111 0.6074968932330171 0.033439756007317814 0.05524325692008229
0 0.3038166046109344 0.6967908507425312 0.027289753341817758 0.0635823389353046
0 0.34332372626911656 0.7576514255905256 0.007167610001590852 0.012005251482874613
0 0.3523626452697529 0.7525978403624078 0.007203972668681757 0.01513025148287479
0 0.3513311282622761 0.8076918821114564 0.007185791335136216 0.013567751482874613
0 0.3594754375994803 0.7788579221304845 0.010438060669954296 0.024632585475263546
0 0.3009512359564111 0.6074968932330171 0.033439756007317814 0.05524325692008229
0 0.3038166046109344 0.6967908507425312 0.027289753341817758 0.0635823389353046
0 0.34332372626911656 0.7576514255905256 0.007167610001590852 0.012005251482874613
0 0.3523626452697529 0.7525978403624078 0.007203972668681757 0.01513025148287479
0 0.3513311282622761 0.8076918821114564 0.007185791335136216 0.013567751482874613
0 0.3594754375994803 0.7788579221304845 0.010438060669954296 0.024632585475263546
0 0.8619927312818433 0.6434576037082806 0.02313805533895419 0.04232942144481866
0 0.8619927312818433 0.6434576037082806 0.02313805533895419 0.04232942144481866