0 0.11647560003641981 0.2472151584882921 0.04182898985373029 0.02494149878218401
0 0.10057786464691638 0.23186289387779552 0.02129830154212762 0.012086942775829713
0 0.0831380844116257 0.21770977780624926 0.057385806006354304 0.021307984171687444
0 0.2820539612383498 0.16194109517174643 0.048832966314779916 0.023501729707460582
0 0.38097754362467595 0.16568479383313744 0.03070057508107791 0.013813084009531629
0 0.32208378469622223 0.14952005154377518 0.02129830154212762 0.012086942775829713
0 0.33200139123040673 0.13567089854059802 0.03622387215897849 0.017033541395857908
0 0.40352667653883223 0.1367668841336199 0.027534664772652383 0.011414786931630871
0 0.5270508384704632 0.16196284294128063 0.025136367694751627 0.008248876623205347
0 0.21356305985837798 0.8839445545866675 0.06460797077900682 0.03236821509696384
0 0.34532641578365453 0.8886780089301013 0.04648921631477991 0.02346081939903506
0 0.30547298315409466 0.8440473474038599 0.042501145697928865 0.01870513555165907
0 0.25133490807301684 0.8317070344976466 0.024409664772652384 0.011360239853730292
0 0.5361920363194276 0.8767500687934223 0.043214211850553144 0.01481252232113448