0 0.12824320418202237 0.3700957353957893 0.02051966515269079 0.032716776212797075
0 0.6261470092530337 0.20495701971401523 0.05734972758022465 0.12264014560785333
0 0.5892927902372797 0.18603972872782962 0.03926953621473679 0.07227348378914247
0 0.608505562657055 0.06964932524406849 0.06562461318613835 0.11943539727484329
0 0.6519524803102306 0.11704236706374913 0.017458438031507838 0.03324293469752808
0 0.6780361679672856 0.26545590388245993 0.010698255000969681 0.026482751666989924
0 0.6477187979682555 0.2885905794115433 0.01369570924333523 0.025175343182259093
0 0.6261470092530337 0.20495701971401523 0.05734972758022465 0.12264014560785333
0 0.5892927902372797 0.18603972872782962 0.03926953621473679 0.07227348378914247
0 0.608505562657055 0.06964932524406849 0.06562461318613835 0.11943539727484329
0 0.6519524803102306 0.11704236706374913 0.017458438031507838 0.03324293469752808
0 0.6780361679672856 0.26545590388245993 0.010698255000969681 0.026482751666989924
0 0.6477187979682555 0.2885905794115433 0.01369570924333523 0.025175343182259093
0 0.34870708418299223 0.6612625469898283 0.00623402454580706 0.009821410151720755
0 0.5907432041820224 0.844697122668693 0.009279276212797071 0.01860647878817261
0 0.6060894718303488 0.7617490247149851 0.015242233789142468 0.03461411606107632
0 0.6459884912302541 0.9225429390341808 0.0072065931822589135 0.012228933030538158
0 0.6330983175130928 0.7883991318371376 0.011224413485700779 0.02342152454580724