0 0.9381494807628407 0.18629111355693145 0.03133329998588259 0.01608525642579046
0 0.006640625 0.72421875 0.01328125 0.0125
0 0.05944835711355232 0.7006360923395742 0.03602079998588259 0.016276257414373774
0 0.27706079134265416 0.7112539628723594 0.03602079998588259 0.016276257414373774
0 0.22376460970909468 0.6561400164844061 0.02701752630835923 0.008894838935304605
0 0.21330103469497724 0.6417578522068155 0.025455026308359406 0.008831171939110405
0 0.1645488689170204 0.655824987339793 0.01915952367752336 0.007795253954332537
0 0.07555077022537962 0.6516574228719219 0.02228452367752336 0.00792258794672147
0 0.16780267153373885 0.6401044868455014 0.02223902104668731 0.007141337946721471
0 0.8114319387047596 0.6792167136323872 0.020077281570031146 0.010170837452429993
0 0.7750240018448217 0.6619947215410527 0.012818518415851443 0.005978085969555025
0 0.7743376097443881 0.6670887632901012 0.012727513154179703 0.004415585969555202