0 0.2845788466922631 0.22256320938967394 0.02397029626573364 0.007713211599340219
0 0.24455749793701856 0.22137879410855232 0.024088695435896666 0.009275711599340219
0 0.726241684661949 0.45276466950426375 0.1096243763496462 0.047622809250342256
0 0.8810767223169631 0.42437876781533995 0.06847823547785303 0.029275974531464043
0 0.9240095835197621 0.40198929077659357 0.030516294191141213 0.011801318025830908
0 0.9274480645360803 0.3905361394833812 0.024088695435896666 0.009275711599340219
0 0.8751572251165017 0.3720918479486183 0.05220204004195637 0.02022758346523723
0 0.7764708100745453 0.3561719885858802 0.027391294191141214 0.011710389812585476
0 0.7778673667132412 0.3436037924259462 0.014358497925407577 0.0043154269596040965
0 0.291796875 0.7375 0.03515625 0.028125
0 0.2653517288530902 0.7410182096207831 0.06559003381817892 0.03231004631821861
0 0.20425411318875622 0.7251790866991007 0.04108694128671182 0.017565584718878213
0 0.19183079586474835 0.7110555764721151 0.03796194128671182 0.017474656505633134
0 0.1537266833123029 0.6886751169510925 0.09869853174358649 0.037171042557294955
0 0.2203639039556588 0.6949573834462843 0.04474473755244546 0.024687762932123648
0 0.26053279036591726 0.6722568435941275 0.03165274170163031 0.01651155007914227
0 0.16558085426568656 0.648790082938177 0.024207094606059697 0.01083821159934022
0 0.322265625 0.675 0.02578125 0.046875
0 0.5583850448274521 0.6806929242877194 0.10258147095570588 0.05755173871722903
0 0.883065274806474 0.6618500240835461 0.04822493506293455 0.02946619114536908
0 0.9046875 0.6328125 0.028125 0.00625