0 0.607421875 0.008203125 0.00703125 0.01640625
0 0.585546875 0.029504972728338075 0.00546875 0.01100113466740904
0 0.580859375 0.022419178727701716 0.00546875 0.01100113466740904
0 0.573046875 0.03600014705997454 0.00546875 0.01100113466740904
0 0.607421875 0.008203125 0.00703125 0.01640625
0 0.585546875 0.029504972728338075 0.00546875 0.01100113466740904
0 0.580859375 0.022419178727701716 0.00546875 0.01100113466740904
0 0.573046875 0.03600014705997454 0.00546875 0.01100113466740904
0 0.296875 0.6031015593968607 0.009375 0.02667158800127254
0 0.296875 0.6031015593968607 0.009375 0.02667158800127254
0 0.74921875 0.4855325250636334 0.0109375 0.02903351933481808
0 0.74921875 0.4855325250636334 0.0109375 0.02903351933481808