0 0.3309288458313929 0.06267953408731422 0.03611209864294729 0.07007672077900677
0 0.2742393083264753 0.14069257568669064 0.01606739641337427 0.04007557508107791
0 0.3309288458313929 0.06267953408731422 0.03611209864294729 0.07007672077900677
0 0.2742393083264753 0.14069257568669064 0.01606739641337427 0.04007557508107791
0 0.8830055260173377 0.08771253611590915 0.03674588317182241 0.056822744317957155
0 0.774685291604678 0.19376589285361218 0.018301885769712457 0.03855398538950343
0 0.7619581935919847 0.07934201846252016 0.015411832551403748 0.03070057508107791
0 0.7503897679715661 0.10495280884408054 0.02306579542463858 0.062046032467404186
0 0.8830055260173377 0.08771253611590915 0.03674588317182241 0.056822744317957155
0 0.774685291604678 0.19376589285361218 0.018301885769712457 0.03855398538950343
0 0.7619581935919847 0.07934201846252016 0.015411832551403748 0.03070057508107791
0 0.7503897679715661 0.10495280884408054 0.02306579542463858 0.062046032467404186
0 0.19394248005005882 0.7337451233734993 0.00885047611478651 0.014980117694751627
0 0.19070304755676276 0.8248152954514 0.007178715471124697 0.013390344155801337
0 0.19394248005005882 0.7337451233734993 0.00885047611478651 0.014980117694751627
0 0.19070304755676276 0.8248152954514 0.007178715471124697 0.013390344155801337