0 0.1835613561320903 0.13690301426576906 0.005823306006354301 0.02056721112487061
0 0.8700423498411395 0.22100409036114357 0.010415348620028197 0.015316784946188022
0 0.8505363963101322 0.19624808912054395 0.015993192775829713 0.021821496071058634
0 0.8380480560096497 0.1726008236119206 0.022570475243233544 0.04086259449948208
0 0.8733202185501886 0.16759762727180244 0.024023881087432385 0.034685369106587774
0 0.8969611801972232 0.06744459677128437 0.014485239853730292 0.02487372146395277
0 0.7950676463101323 0.19366459056828597 0.013195475243233546 0.0404259468568469
0 0.7866815148173105 0.2933552984880861 0.009784103084255235 0.02387414764263518
0 0.8243900204993533 0.32795077636217956 0.02028127232113448 0.0438784325888232
0 0.8134681343387861 0.34894392276421504 0.01138751339268076 0.02629067224974104
0 0.7522957422926575 0.24757724482820437 0.005741485389503431 0.01587971112487061
0 0.21268470454860006 0.8642050497286858 0.014621607548481918 0.03268622146395259
0 0.1437613806853381 0.915726854319581 0.002561938311602674 0.012609161910658884
0 0.14833099107484154 0.900301984489122 0.004069891233702094 0.00955693651776457
0 0.634765625 0.971875 0.03046875 0.05625
0 0.5991172851098499 0.9499884422017798 0.009784103084255058 0.02387414764263518
0 0.594921875 0.97421875 0.01015625 0.0265625