0 0.1988756568032492 0.46202225036245786 0.029579851411925782 0.05081835391920819
0 0.1988756568032492 0.46202225036245786 0.029579851411925782 0.05081835391920819
0 0.2541147377612038 0.39091177998762905 0.046668063011265914 0.07473322703874637
0 0.3136794374509524 0.26519337179938984 0.027508886051661817 0.060125157759274114
0 0.3309662258516122 0.28915370902555076 0.009116587226160888 0.018218802586424766
0 0.33781862526436274 0.26863244045204143 0.012355247492717502 0.02221598079967002
0 0.3383767348249565 0.28976028853200847 0.009207515439406322 0.021343802586424765
0 0.855043229183571 0.02476878018548474 0.025355352665567033 0.03976719365265158
0 0.8613398675446596 0.06365660969194256 0.0100796936526514 0.024491534639735947
0 0.8246007340002801 0.1439063993462435 0.02154003087881229 0.04277853338609496
0 0.8603719236941523 0.16410406482522086 0.004937552586424765 0.008730142319867972
0 0.8675551121343833 0.1725231443316786 0.008980194906292737 0.013531302586424765
0 0.46985457228222655 0.9808058315182683 0.009162051332783605 0.019781302586424764
0 0.5289611081423503 0.5893151819076621 0.04317098997087001 0.08868206677218975
0 0.5643996772239669 0.6478168294399508 0.046668063011265914 0.07473322703874637
0 0.51015625 0.919921875 0.0203125 0.04765625
0 0.5216634616991007 0.9476092351209073 0.0171109436526514 0.02469612311953817
0 0.5392272148332038 0.975487188373724 0.01412233597251955 0.029292694906292736