0 0.469820368070876 0.27603919712140634 0.01515411910658777 0.024420845792955604
0 0.7168377441043333 0.35272184743161566 0.02383991439185813 0.04371714901126431
0 0.7220860162302397 0.31493227032809346 0.014482031017246655 0.026709965471124697
0 0.23673286713986252 0.5676641503978228 0.022913115177646402 0.04053751868943341
0 0.5887362070912305 0.5128731075710743 0.029199502481199336 0.041755811264080386
0 0.6981048607297218 0.7042954190872562 0.026220051695410973 0.04466228997675685
0 0.7131936865155101 0.7022357103629581 0.023767139784752443 0.04215464901126431
0 0.7094211963378636 0.663036634558381 0.011919957195929065 0.021858574505632156
0 0.6778276131084773 0.5448002687770469 0.0168621683207995 0.027655106436617415
0 0.7113678591795358 0.5627197422939434 0.01384633023145838 0.02978033514929388
0 0.7029474873846062 0.5742008685928883 0.011138707195929066 0.02180394418380125