0 0.712890625 0.603125 0.043359375 0.01484375
0 0.862890625 0.61015625 0.203125 0.0609375
0 0.709765625 0.518359375 0.039453125 0.012109375
0 0.8046875 0.484375 0.0203125 0.007421875
0 0.919921875 0.51953125 0.053515625 0.0203125
0 0.601171875 0.444140625 0.0125 0.003515625
0 0.624609375 0.45 0.0140625 0.00546875
0 0.653515625 0.45078125 0.0125 0.0046875
0 0.712890625 0.603125 0.043359375 0.01484375
0 0.862890625 0.61015625 0.203125 0.0609375
0 0.709765625 0.518359375 0.039453125 0.012109375
0 0.8046875 0.484375 0.0203125 0.007421875
0 0.919921875 0.51953125 0.053515625 0.0203125
0 0.601171875 0.444140625 0.0125 0.003515625
0 0.624609375 0.45 0.0140625 0.00546875
0 0.653515625 0.45078125 0.0125 0.0046875