0 0.01015625 0.328125 0.0203125 0.0140625
0 0.18824412725781164 0.36909714678880545 0.030915183302444228 0.036192960344286186
0 0.1722396539831676 0.3027777041842004 0.021557541469812237 0.01401785998146643
0 0.2518738348809501 0.33206712814207495 0.029451887023308566 0.0166344284931208
0 0.5982937224948218 0.16274298122604244 0.03882688702330857 0.01696181070710594
0 0.6058817778020412 0.2344406491934672 0.026326887023308564 0.016525301088459086
0 0.8738343976762316 0.1574230036902291 0.014362600362819933 0.00908482332097762
0 0.3332168321598023 0.6968104298210973 0.02379216406515052 0.010974705534962936
0 0.13024559958299742 0.685907679272943 0.028343254809323426 0.007232146641955417
0 0.7713778030297846 0.5397630662538426 0.10198165145127884 0.0378943588003402
0 0.9626600400994269 0.49592871494156465 0.04513145072563951 0.018742565516429367