0 0.11619948397690258 0.5556901855693099 0.013028692927905539 0.028602502471457923
0 0.04947101758004715 0.7615694652082146 0.021205065963434678 0.036733337452429994
0 0.11094474969266832 0.6180946850750184 0.013465340570540541 0.037977502471457925
0 0.11619948397690258 0.5556901855693099 0.013028692927905539 0.028602502471457923
0 0.04947101758004715 0.7615694652082146 0.021205065963434678 0.036733337452429994
0 0.11094474969266832 0.6180946850750184 0.013465340570540541 0.037977502471457925
0 0.5566317771952584 0.8418677661016577 0.019826656533975397 0.07410600346004106
0 0.594056906433786 0.7357669812726912 0.010267565963434677 0.03628766847906917
0 0.5984479807718323 0.6835028150179342 0.006633143713693812 0.02522283448668041
0 0.5917838348865254 0.624917688040768 0.00968536910658777 0.023787668479069168
0 0.6019293725210553 0.6507698987631773 0.009758143713693813 0.02535016847906917