0 0.00625 0.48984375 0.0125 0.0203125
0 0.10726533116521493 0.2859785956822397 0.009688645697928955 0.018023292154477667
0 0.00625 0.48984375 0.0125 0.0203125
0 0.10726533116521493 0.2859785956822397 0.009688645697928955 0.018023292154477667
0 0.5559522471556833 0.32045813481165536 0.020935837255942502 0.08058237948849509
0 0.5722912004831721 0.383650753810629 0.006522735389503431 0.015661361436318445
0 0.30363379362467596 0.7088419117917246 0.016265928165332965 0.036809653590796285
0 0.368781506693045 0.6811163667103806 0.02416993141174384 0.08685056020665449
0 0.6212312838837957 0.8570589705840439 0.016211381087432385 0.03368465359079629
0 0.6852704644847607 0.8105879706822396 0.007344895697928955 0.018009656615858204
0 0.6212312838837957 0.8570589705840439 0.016211381087432385 0.03368465359079629
0 0.6852704644847607 0.8105879706822396 0.007344895697928955 0.018009656615858204