0 0.199609375 0.008203125 0.01796875 0.01640625
0 0.22203753981547472 0.06157767807126944 0.023133663111827296 0.048673857336090795
0 0.20115276880408092 0.10472342240211052 0.025568418373499213 0.05026362933640893
0 0.25234375 0.00625 0.0171875 0.0125
0 0.199609375 0.008203125 0.01796875 0.01640625
0 0.22203753981547472 0.06157767807126944 0.023133663111827296 0.048673857336090795
0 0.20115276880408092 0.10472342240211052 0.025568418373499213 0.05026362933640893
0 0.25234375 0.00625 0.0171875 0.0125
0 0.17449613992841417 0.5403015673933609 0.003671031570031147 0.009411362667090728
0 0.8979707082595609 0.7007850813971789 0.0070690473550467205 0.014135225334181812
0 0.8844665267671757 0.7917052543960652 0.005415542093374803 0.01255454400063627
0 0.8979707082595609 0.7007850813971789 0.0070690473550467205 0.014135225334181812
0 0.8844665267671757 0.7917052543960652 0.005415542093374803 0.01255454400063627