0 0.363671875 0.3928450983158003 0.02734375 0.07909601711886313
0 0.382421875 0.40420290291159217 0.01953125 0.03562661937061655
0 0.403125 0.4160764944444456 0.01796875 0.0574014898209672
0 0.42890625 0.4399942570136594 0.009375 0.020913277297895938
0 0.329296875 0.575 0.01953125 0.0296875
0 0.9109375 0.26942213872277715 0.00859375 0.025550712523071263
0 0.882421875 0.21876664944167698 0.02265625 0.024889378469915256
0 0.901171875 0.5281713290374689 0.015625 0.02600129549649317
0 0.920703125 0.5259073234080853 0.015625 0.02600129549649317
0 0.97265625 0.4112678809339253 0.00859375 0.042738212523071265
0 0.95546875 0.4722758308877827 0.01484375 0.029076230721668494
0 0.07734375 0.6356572104374321 0.00859375 0.03023821252307126
0 0.080859375 0.594140625 0.00859375 0.00859375