0 0.40127280042565483 0.39863456984930695 0.06182838534372692 0.07904551285158128
0 0.3344347437539505 0.36423104218756863 0.03018748667249973 0.04417842292769336
0 0.3184362054025877 0.2320074619023668 0.032440330004772554 0.036461423421985016
0 0.26776431707508747 0.27706130602773305 0.024682374005408826 0.04083058844101313
0 0.21675125507238296 0.2592086084040508 0.007149428668045488 0.01044275148287479
0 0.22498647107731456 0.29521839842307884 0.007149428668045488 0.01044275148287479
0 0.40127280042565483 0.39863456984930695 0.06182838534372692 0.07904551285158128
0 0.3344347437539505 0.36423104218756863 0.03018748667249973 0.04417842292769336
0 0.3184362054025877 0.2320074619023668 0.032440330004772554 0.036461423421985016
0 0.26776431707508747 0.27706130602773305 0.024682374005408826 0.04083058844101313
0 0.21675125507238296 0.2592086084040508 0.007149428668045488 0.01044275148287479
0 0.22498647107731456 0.29521839842307884 0.007149428668045488 0.01044275148287479
0 0.4032299234165871 0.8978871298871443 0.027807374005408825 0.040957922433401885