0 0.3963870833346864 0.10946430120149628 0.021005218792335613 0.02949075804577177
0 0.33336976594454615 0.19054201549972677 0.009863000904511133 0.024819683540139435
0 0.2912541870208738 0.1475621938440863 0.006782266508343326 0.010593292574646895
0 0.30204672348626305 0.14213718449936952 0.00612384724103805 0.012882412252816167
0 0.3963870833346864 0.10946430120149628 0.021005218792335613 0.02949075804577177
0 0.33336976594454615 0.19054201549972677 0.009863000904511133 0.024819683540139435
0 0.2912541870208738 0.1475621938440863 0.006782266508343326 0.010593292574646895
0 0.30204672348626305 0.14213718449936952 0.00612384724103805 0.012882412252816167
0 0.33762955902442693 0.9606933014535979 0.022274469696846745 0.05370950804577177
0 0.2929378567404347 0.9817213494761263 0.00612384724103805 0.012882412252816167
0 0.33762955902442693 0.9606933014535979 0.022274469696846745 0.05370950804577177
0 0.2929378567404347 0.9817213494761263 0.00612384724103805 0.012882412252816167
0 0.9499978835948856 0.7439266005229699 0.0385103013340526 0.0813099841605581
0 0.9170027985089775 0.7571312588789508 0.04077216417892267 0.07991137512605065
0 0.9082259237918908 0.8577677203271898 0.03176565637700648 0.08628706126408048
0 0.9488758389888959 0.9658453411782532 0.02252345318850324 0.0436078883676025
0 0.8866723679910533 0.7343437869131011 0.007972952283992285 0.018460422896477802
0 0.9052724214170416 0.706188794832822 0.007972952283992108 0.018460422896477802
0 0.8892883556665815 0.8478053533729615 0.011425500904511133 0.02492894418380125
0 0.9499978835948856 0.7439266005229699 0.0385103013340526 0.0813099841605581
0 0.9170027985089775 0.7571312588789508 0.04077216417892267 0.07991137512605065
0 0.9082259237918908 0.8577677203271898 0.03176565637700648 0.08628706126408048
0 0.9488758389888959 0.9658453411782532 0.02252345318850324 0.0436078883676025
0 0.8866723679910533 0.7343437869131011 0.007972952283992285 0.018460422896477802
0 0.9052724214170416 0.706188794832822 0.007972952283992108 0.018460422896477802
0 0.8892883556665815 0.8478053533729615 0.011425500904511133 0.02492894418380125