0 0.4865772454089063 0.26084615306729236 0.00711454998588259 0.014916475334181811
0 0.5013670584783813 0.16798649106856497 0.006841534200867016 0.010228975334181812
0 0.7532214729409201 0.8094154677354968 0.01114960260260105 0.030577838001272718
0 0.7698548715831499 0.7654384747374058 0.009223081555913736 0.02430965666772735
0 0.7938762005082276 0.7422646040738148 0.006151289462538756 0.011782384667409218
0 0.7981541768307043 0.7493503980744511 0.006151289462538933 0.011782384667409041
0 0.807108095239497 0.7365552250755647 0.006151289462538756 0.011782384667409218
0 0.7532214729409201 0.8094154677354968 0.01114960260260105 0.030577838001272718
0 0.7698548715831499 0.7654384747374058 0.009223081555913736 0.02430965666772735
0 0.7938762005082276 0.7422646040738148 0.006151289462538756 0.011782384667409218
0 0.7981541768307043 0.7493503980744511 0.006151289462538933 0.011782384667409041
0 0.807108095239497 0.7365552250755647 0.006151289462538756 0.011782384667409218