0 0.1268716932368509 0.435042887834528 0.0338703889641522 0.05163774310259513
0 0.15933563319637126 0.33698384611141385 0.054138623360319826 0.06672383254171699
0 0.18281461640511437 0.42623557524985695 0.04282930913596861 0.07392217887824373
0 0.20416731597557308 0.37027882434534576 0.01282422659425162 0.021707903663473083
0 0.23841450220347743 0.3884605972988385 0.00534259724103805 0.012745661465389269
0 0.2429160950913018 0.3921416576222317 0.00534259724103805 0.012745661465389269
0 0.6019795748513425 0.6329564263918529 0.016150622455808693 0.04058073439616763
0 0.6220248623348141 0.44741619544438765 0.018170145861557074 0.019650758706427317
0 0.43630810860319824 0.8692696022736499 0.022813380257724704 0.03391797659425162
0 0.42059125536926645 0.913180054557642 0.021042840343632997 0.04473264586155708
0 0.43411484480838836 0.9320562073166039 0.01718085594746519 0.03050637155129756
0 0.44943276797665177 0.9253779607653065 0.016686210990419427 0.03593417797373259
0 0.47235515123082344 0.9292687220159251 0.021578428878243728 0.04008608943912186
0 0.4531481278250752 0.9514270050326118 0.023922178878243727 0.040208920171816584
0 0.5235818396642349 0.6809894736556051 0.009535452283992107 0.01841912935321375
0 0.5420640453969294 0.6823710495828307 0.007809177973732595 0.015212242198083814
0 0.5631920949219597 0.7118162101437088 0.006001016508343326 0.010442855042954235
0 0.534765625 0.676171875 0.00859375 0.01328125