0 0.32594199338046226 0.21711329316545597 0.017262428659881833 0.036340241701630305
0 0.8318291394729114 0.03283967055239838 0.024512002481199245 0.04156053796736394
0 0.7760907157754284 0.07299015125636643 0.01359161910658777 0.024384693361304242
0 0.33046875 0.653515625 0.01875 0.03828125
0 0.333203125 0.719140625 0.01328125 0.03984375
0 0.3287116207592177 0.7362893456549668 0.016080918320799498 0.02768729211654879
0 0.32825252925766374 0.8016479475221001 0.016262854838564246 0.03159354211654879
0 0.3131380285337927 0.8281391312353883 0.006650260339082159 0.009067346680652122
0 0.33046875 0.653515625 0.01875 0.03828125
0 0.333203125 0.719140625 0.01328125 0.03984375
0 0.3287116207592177 0.7362893456549668 0.016080918320799498 0.02768729211654879
0 0.32825252925766374 0.8016479475221001 0.016262854838564246 0.03159354211654879
0 0.3131380285337927 0.8281391312353883 0.006650260339082159 0.009067346680652122