0 0.42265625 0.112109375 0.0140625 0.05703125
0 0.41875 0.037109375 0.021875 0.03828125
0 0.369035896804203 0.06737270050968673 0.01893180718159222 0.03278054909161447
0 0.3491981076256895 0.08345203391952705 0.014198855386194253 0.024585411818710767
0 0.33920749623846885 0.04557731990474299 0.01819600897699054 0.040529276212797075
0 0.3276841889586807 0.0801276630870019 0.011836924668035032 0.021269093182258912
0 0.3110938591873184 0.04982626854216452 0.013449421642972937 0.02999038893989354
0 0.31916088924154773 0.09293853975399191 0.01504828307929138 0.03636793469752817
0 0.8812836393397436 0.15299906596678897 0.015007376463433175 0.02933668469752817
0 0.923046875 0.01484375 0.02578125 0.0296875
0 0.41790947359960107 0.5946366377076997 0.014248852361132158 0.033179161818710765
0 0.3917535067279904 0.5995074041480782 0.011836924668035032 0.021269093182258912
0 0.5795148545515294 0.7729688673293673 0.017410213797450603 0.039684253333979846
0 0.5702847794159561 0.6642953689963573 0.038004514928918806 0.08977984818322896
0 0.535546875 0.540625 0.03671875 0.0421875