0 0.17593348145752136 0.07309196258861875 0.024873847241038048 0.013204693652651579
0 0.21868920850402862 0.04108227038746417 0.013608798620519025 0.006636444906292738
0 0.25396662822358956 0.03232822175981873 0.011060330732694723 0.0026619987463586624
0 0.4496304706591583 0.3242350938568249 0.031041960085908295 0.011824050079142268
0 0.5300804098835096 0.3344003613745487 0.03601606512886235 0.017429192399010418
0 0.5063153612629906 0.33996839977520843 0.03112384724103805 0.013386550079142268
0 0.0203125 0.607421875 0.040625 0.06015625
0 0.06486430602798002 0.6143049901354724 0.046046162369900404 0.030201977038746365
0 0.0203125 0.607421875 0.040625 0.06015625
0 0.06486430602798002 0.6143049901354724 0.046046162369900404 0.030201977038746365
0 0.7498811151639486 0.5573874004020289 0.01846007293077854 0.009897837226160888