0 0.27952205045360196 0.18911449159279545 0.054810219847574795 0.0223666156913195
0 0.4069021618899204 0.18582845027401085 0.06344942164297293 0.03037913744281262
0 0.5277345640663814 0.23656326096946217 0.046184653590796286 0.016697843939826384
0 0.311328125 0.991015625 0.04140625 0.01796875
0 0.2619618457313376 0.9350127923139763 0.05014090056573402 0.025382512917777867
0 0.005859375 0.88046875 0.01171875 0.0203125
0 0.017485398326238855 0.8527496723964239 0.027416472872636887 0.01313643284565984
0 0.17126665588889417 0.8778162551277088 0.022706246974937904 0.009121080072118027
0 0.05371352937636313 0.8707827188913718 0.02355112948849527 0.020076763867708357
0 0.6130516470591976 0.7435688683020316 0.03366192769309713 0.012500653210381962
0 0.7836638684684013 0.7631670276385074 0.022724427693097127 0.012246080072118203