0 0.428125 0.43626293182372394 0.065625 0.026926738635914306
0 0.09453125 0.37294520738962156 0.03359375 0.018555131087432387
0 0.66171875 0.4407032719173925 0.025 0.007467626623205348
0 0.712890625 0.38785693851676883 0.025 0.005905126623205348
0 0.710546875 0.3921947238251944 0.0109375 0.004097164772652384
0 0.054296875 0.9314142493943873 0.040625 0.01945911201270878
0 0.134765625 0.9077440371384448 0.0359375 0.01937729139585791
0 0.1265625 0.8914809732179341 0.028125 0.02002217370110628
0 0.089453125 0.8772849697680046 0.02109375 0.009743192775829712
0 0.09921875 0.866567635149565 0.01796875 0.008126145697928777
0 0.07265625 0.8670312853117208 0.02421875 0.010578989853730292
0 0.959375 0.7148502893705582 0.0125 0.005686938311602674