0 0.029623255381435863 0.504775618229728 0.006600168479069168 0.008812004809323426
0 0.8127056928721406 0.7506610205456471 0.03657151136870649 0.05510665145127884
0 0.856203001427103 0.6719879108806666 0.030671679847775656 0.06348214664195524
0 0.9199836350772059 0.6331411930483182 0.007508752471457924 0.01196428666048881
0 0.9258993833471854 0.6415625728576415 0.00841733646384668 0.015116568511654193
0 0.9502182689744545 0.5919494806158563 0.007572419467652303 0.01352678666048881
0 0.9443529295448583 0.6206920395088638 0.01192433844101295 0.024600695916316084
0 0.8127056928721406 0.7506610205456471 0.03657151136870649 0.05510665145127884
0 0.856203001427103 0.6719879108806666 0.030671679847775656 0.06348214664195524
0 0.9199836350772059 0.6331411930483182 0.007508752471457924 0.01196428666048881
0 0.9258993833471854 0.6415625728576415 0.00841733646384668 0.015116568511654193
0 0.9502182689744545 0.5919494806158563 0.007572419467652303 0.01352678666048881
0 0.9443529295448583 0.6206920395088638 0.01192433844101295 0.024600695916316084