0 0.2658521595918444 0.31824847837761167 0.03227669800286357 0.02146646733768165
0 0.22604050059677597 0.28145218403881633 0.13002440201304485 0.0975937100174992
0 0.33091435926561674 0.26665470838636124 0.03306703866963616 0.022256808004454242
0 0.5523979132519357 0.3700267984165871 0.08095964600572714 0.04312383867759042
0 0.5475606909214127 0.34926458408256433 0.03779999200349984 0.02621760200509051
0 0.5423555702578217 0.3265446994151553 0.05893919533736351 0.03036930000795408
0 0.5274757312619578 0.29589868141308723 0.022038632001908986 0.014317038669636161
0 0.3572490452538446 0.35369163172340645 0.047202264003817974 0.028670440006363408
0 0.33016892459025354 0.33071720838636126 0.018904541335136214 0.013499426002545434
0 0.975390625 0.173046875 0.04921875 0.03515625
0 0.9796875 0.201953125 0.040625 0.02265625
0 0.8359836672700711 0.17065986103595288 0.04243294800286357 0.02158464600572696
0 0.8147356496061618 0.150097367699703 0.04001647266868176 0.015307374005408825
0 0.648828125 0.13125 0.01796875 0.015625
0 0.3763121259150493 0.8698543494191323 0.05438805533895419 0.04203350600731781
0 0.22437318425766256 0.7997177490650651 0.044049992003499835 0.026290327339272324
0 0.10936180426482131 0.7456379553827024 0.041669879336408935 0.02313805533895419
0 0.18999845792888959 0.7657194643936791 0.05189885467059056 0.029506234006999678
0 0.8333853786004349 0.7236035950429527 0.0330852200031817 0.023819308004454243
0 0.877276010264185 0.7456015927156113 0.03144999466899989 0.017551126670908877
0 0.9129640642703892 0.700307547720384 0.0180869286680454 0.010365335335772663
0 0.91895979927198 0.6886569777211793 0.01964033800127272 0.009602266669318026