0 0.039162690868043894 0.5094370670081222 0.0404828883676025 0.022815738741233105
0 0.6061368414303547 0.2948745180417138 0.02509283514929388 0.014052008019564433
0 0.6061368414303547 0.2948745180417138 0.02509283514929388 0.014052008019564433
0 0.04636318567226381 0.9702336671004073 0.06416068898802116 0.04999880243632351
0 0.8582129756490208 0.6890127479143608 0.041974332551403745 0.03302205351605778
0 0.8690274664303548 0.6634166178248444 0.019514824505632154 0.012139054595791876
0 0.8368705302923252 0.6519388972822087 0.02018681386197052 0.010626619370616552
0 0.8566720729930228 0.6100465399409389 0.010484031930985082 0.0053383420727206145
0 0.8582129756490208 0.6890127479143608 0.041974332551403745 0.03302205351605778
0 0.8690274664303548 0.6634166178248444 0.019514824505632154 0.012139054595791876
0 0.8368705302923252 0.6519388972822087 0.02018681386197052 0.010626619370616552
0 0.8566720729930228 0.6100465399409389 0.010484031930985082 0.0053383420727206145