0 0.8359958773867889 0.35320649066423143 0.007090337334017605 0.01044275148287479
0 0.8371430143397436 0.4161289491623286 0.003951701795397966 0.007971667490486034
0 0.8359958773867889 0.35320649066423143 0.007090337334017605 0.01044275148287479
0 0.8371430143397436 0.4161289491623286 0.003951701795397966 0.007971667490486034
0 0.7523319375443455 0.715687268078824 0.014993740924813714 0.02638608646384668
0 0.7940833607489474 0.709577860227024 0.010333512002052458 0.030882585475263548
0 0.8028566453407698 0.7407874037060931 0.00713578912941557 0.01825525148287479
0 0.8145779283709633 0.8088271144285024 0.0063772650271147315 0.02212966798477751
0 0.8240935684962739 0.7662562831547174 0.008012487899751619 0.03469333498097207
0 0.8212705624952475 0.7509104909113772 0.004778403590796287 0.015816000988583313
0 0.7523319375443455 0.715687268078824 0.014993740924813714 0.02638608646384668
0 0.7940833607489474 0.709577860227024 0.010333512002052458 0.030882585475263548
0 0.8028566453407698 0.7407874037060931 0.00713578912941557 0.01825525148287479
0 0.8145779283709633 0.8088271144285024 0.0063772650271147315 0.02212966798477751
0 0.8240935684962739 0.7662562831547174 0.008012487899751619 0.03469333498097207
0 0.8212705624952475 0.7509104909113772 0.004778403590796287 0.015816000988583313