0 0.12647986850223533 0.5025055064629717 0.014512513392680582 0.02635425296574958
0 0.13152587864850504 0.47850959094965206 0.009715919236879245 0.019913251977166268
0 0.098828125 0.525390625 0.01015625 0.00859375
0 0.121306691556366 0.1837714232120203 0.01688353693163087 0.028012253460041058
0 0.21768858806507377 0.3383726929836838 0.006550008928453721 0.01744216798477751
0 0.23014283644186834 0.3138979457022876 0.005686938311602674 0.012722834486680412
0 0.60625 0.51328125 0.0390625 0.0328125
0 0.7278134076659797 0.2649305578507063 0.043029025567545176 0.09465592539915128
0 0.6680730791349724 0.2863075034972221 0.03239548863591431 0.06689833992388791
0 0.7024542130650737 0.0644298449039848 0.02687219155801355 0.0635505054372075
0 0.7341513622129321 0.04659439332596982 0.02622730925276535 0.0713311719391104
0 0.8143786045022944 0.7831513172422464 0.006468188311602674 0.012754667984777512