0 0.4352837459461055 0.3057217785080069 0.026517635551659247 0.04429200500096986
0 0.30592046144845886 0.16450729842729733 0.008798301542127619 0.012420251666990012
0 0.4352837459461055 0.3057217785080069 0.026517635551659247 0.04429200500096986
0 0.30592046144845886 0.16450729842729733 0.008798301542127619 0.012420251666990012
0 0.9167633912369973 0.23266730259477217 0.013663079545304768 0.022959138939893542
0 0.9126312473657924 0.3125222225189118 0.009661372158978665 0.01717152454580706
0 0.8891275405883743 0.33681279759380234 0.005591480925276571 0.0074776601517207554
0 0.9167633912369973 0.23266730259477217 0.013663079545304768 0.022959138939893542
0 0.9126312473657924 0.3125222225189118 0.009661372158978665 0.01717152454580706
0 0.8891275405883743 0.33681279759380234 0.005591480925276571 0.0074776601517207554
0 0.25128839570122424 0.8362705347169246 0.007235801542127618 0.012292705909355384
0 0.2224386698490825 0.8530834496400945 0.009743192775829534 0.021859024545807237