0 0.33271637820281585 0.31992863183444015 0.006977746071058633 0.016062042574646895
0 0.6190905258454509 0.19324579953513785 0.008576633374611476 0.016952553218308707
0 0.5951179286576271 0.20519681939746554 0.005269696856846906 0.012827781930985082
0 0.5786645789886041 0.17795965312176368 0.009430657981717338 0.018569683540139437
0 0.36911625868194314 0.9003588130287913 0.06639344148016342 0.08796417574646931
0 0.2815744862464504 0.8097477435928884 0.008576633374611476 0.016952553218308707
0 0.36911625868194314 0.9003588130287913 0.06639344148016342 0.08796417574646931
0 0.2815744862464504 0.8097477435928884 0.008576633374611476 0.016952553218308707
0 0.8231872127775004 0.6538826507759751 0.022604900123834426 0.0506391383676025
0 0.7915145085794993 0.7178578514545014 0.01384633023145838 0.02978033514929379
0 0.782096717016028 0.758081336787954 0.009430657981717338 0.018569683540139614
0 0.7776296948901216 0.795925544213307 0.007504284946188022 0.010647922896477802
0 0.7767745932566277 0.7775661692133069 0.0076498341603997485 0.013772922896477802