0 0.19772483229837298 0.12742918324318597 0.07504284946188075 0.10238066000954502
0 0.1780288203044063 0.24999025491329946 0.039265861248705035 0.05511476133831792
0 0.16076429549015803 0.32405928258277655 0.05323847001621065 0.07011305267345432
0 0.13860460132165295 0.276244219585481 0.02187715405277597 0.0338301073360908
0 0.0775708637276498 0.4762811295950261 0.01771619292790554 0.028315904002227298
0 0.00828253546066211 0.4403487222708665 0.015336055624352519 0.027507382001908987
0 0.809375 0.55859375 0.034375 0.021875
0 0.7835897313864956 0.5027799949276169 0.054890861248705035 0.05529657467377245
0 0.8832963631084774 0.17644366691202676 0.024856604838564243 0.030741470003181705
0 0.8659183682780183 0.18094508191441303 0.019096756410140792 0.02442783533577266
0 0.376171875 0.58515625 0.08671875 0.03125
0 0.9780974026027792 0.9554691902649803 0.016262854838564246 0.03064147266868176
0 0.96015625 0.9828125 0.0171875 0.034375