0 0.4459147550693518 0.3752960541297539 0.01724531203449331 0.0525137307216685
0 0.7498253710733132 0.02912780574935514 0.018225615177646405 0.040113860271317844
0 0.7628015792002557 0.11223544840808533 0.018007291356328992 0.03542636027131785
0 0.779925939932232 0.1062805910668156 0.019205918320799497 0.0277139898209672
0 0.7991778808956667 0.07146954850037046 0.008758569892376045 0.020813147748246587
0 0.8084522772977023 0.08264223318567865 0.007050520678164318 0.01758801819859741
0 0.8116607642702782 0.05581427012274034 0.00968536910658777 0.02398821252307126
0 0.26171648015040516 0.733063735345147 0.019351467535011223 0.0308389898209672
0 0.24930421733012356 0.7808503932724264 0.013101467535011225 0.030438471622369966
0 0.30135579187531214 0.8073016729605034 0.007050520678164496 0.01758801819859741
0 0.3137284363128769 0.810837084357698 0.006342045285270359 0.019100453423772736
0 0.2861020882987383 0.9665666502122567 0.008758569892376045 0.020813147748246587
0 0.6028112840174293 0.7643236285437442 0.042572797766469606 0.06114705351605769
0 0.6529161378225362 0.8325717832318211 0.005196922249740865 0.011237888648948058