0 0.04219077990666857 0.08404192205516106 0.008999863749381377 0.023339755183796208
0 0.011526696346869158 0.21861754691374902 0.007150758706427318 0.017734304147036896
0 0.8635611688708206 0.09657060782335539 0.03259449400710608 0.05806606969842587
0 0.8381246172538546 0.11573106519844804 0.014878049525030157 0.03163070881245371
0 0.798992396821839 0.14808016298351756 0.015904960990419426 0.036386559330833276
0 0.27986223541222055 0.8914784942040731 0.014714275214770822 0.028505708812453713
0 0.35814328640758875 0.7529033012258322 0.028940549525030158 0.03286101814328699
0 0.2958817641892651 0.6926305368289805 0.02659347749876275 0.04743136606976854
0 0.8532217520341353 0.6531620061504386 0.01874003392119796 0.04596661088597216
0 0.8291595505410829 0.8691926825641655 0.05964167288534998 0.09931578628657398
0 0.7875037774182481 0.7866149826819434 0.019811210990419426 0.036728311922731474
0 0.77734375 0.626953125 0.025 0.03515625
0 0.740234375 0.617578125 0.01328125 0.01640625
0 0.723828125 0.61328125 0.01015625 0.0078125
0 0.7157986561498639 0.6648579141380546 0.0073145330166868305 0.020859304147036895