0 0.3828125 0.489453125 0.0265625 0.02109375
0 0.3297402459948303 0.4083310415992646 0.038480311535622036 0.06606461575678076
0 0.3867783952842364 0.2524674494494201 0.04464067396640843 0.04073839206513981
0 0.41282450956533656 0.2253624060053337 0.034684683065706955 0.04327185786427279
0 0.41060937114710133 0.14368013101239238 0.048936950184570095 0.07134364995764778
0 0.36973524483665443 0.20638525736310404 0.03319203423772628 0.05641659997176518
0 0.342807751005905 0.2350072981763544 0.034784812615356306 0.044834357864272964
0 0.3497528130813943 0.181696435015116 0.012189119370616553 0.020168286831702888
0 0.33163386875692036 0.18299362450588977 0.007000971622369789 0.012082771046687313
0 0.304135876005905 0.23275491794997621 0.008763730721668495 0.015298776308359407
0 0.28672833050941177 0.24742436270242169 0.007982480721668494 0.015253273677523183
0 0.27256689852343896 0.3093328285015547 0.008082610271317847 0.016815773677523183
0 0.2591348554171267 0.28032052720025413 0.004356832973422087 0.007258763154179703
0 0.644921875 0.4890625 0.03046875 0.021875
0 0.26182786127722285 0.9339229403120815 0.02812380243632351 0.06234808155591374
0 0.27408968268272343 0.7915268258354252 0.027342552436323508 0.06230257892507769
0 0.29077653493447686 0.8003403837138154 0.013471017118863138 0.028026289462538934
0 0.3253645380952376 0.6827695994776549 0.015133646668512312 0.029679794724210673
0 0.32149786088962673 0.6574510810618035 0.011377590992986342 0.03179603157003115
0 0.37459018738464367 0.5264509810194512 0.010626619370616552 0.0200772815700311