0 0.5895663634225727 0.02052032405711097 0.05229024607105863 0.016224984006999676
0 0.5895663634225727 0.02052032405711097 0.05229024607105863 0.016224984006999676
0 0.2295813375748672 0.7300819563971789 0.02561858416039975 0.013572151336727067
0 0.21897347735961947 0.6893115057288153 0.03008776033908216 0.008939195337363514
0 0.24959741191291335 0.6779427463995652 0.01744221112487061 0.005668744668999892
0 0.3164681385464072 0.6603515327418602 0.02209332382131759 0.004942038669636162
0 0.2729546560195013 0.6547643304025877 0.03462971112487061 0.005868739337999784
0 0.25792896950173655 0.658497857733906 0.015770549214211727 0.0033068133354543505
0 0.2295813375748672 0.7300819563971789 0.02561858416039975 0.013572151336727067
0 0.21897347735961947 0.6893115057288153 0.03008776033908216 0.008939195337363514
0 0.24959741191291335 0.6779427463995652 0.01744221112487061 0.005668744668999892
0 0.3164681385464072 0.6603515327418602 0.02209332382131759 0.004942038669636162
0 0.2729546560195013 0.6547643304025877 0.03462971112487061 0.005868739337999784
0 0.25792896950173655 0.658497857733906 0.015770549214211727 0.0033068133354543505