0 0.3742363371786164 0.2143112915738679 0.034725686364518185 0.02381930800445442
0 0.3283419580111415 0.2363092892465267 0.032653003333980024 0.017551126670908877
0 0.2969164214219516 0.19101524425129918 0.018797797424624462 0.010365335335772486
0 0.2920136396042107 0.17936467425209468 0.02029652454580706 0.009602266669318026
0 0.13963819657173282 0.23889531027213912 0.022895366061076318 0.012754538669636162
0 0.6481681736929156 0.7359124768857781 0.031999299091614475 0.019104536004136106
0 0.5567859513431817 0.770147392564482 0.041294550758604484 0.027798283338636053
0 0.3471079979343112 0.7667334069263443 0.044881936364518 0.02393748667249973
0 0.344445319071248 0.7515444852602079 0.042346867728066326 0.021566464672181596
0 0.3812676516475933 0.735505859922049 0.02198657030344169 0.011182948002863569
0 0.49892539604264946 0.7044774865730725 0.027837957576345395 0.01593408267027261
0 0.4722272980889416 0.6825436709102768 0.029862843182258913 0.012055104670590743
0 0.46447064770963936 0.696292816577845 0.02192279742462446 0.010401698002863568
0 0.9235588631618924 0.6147348285924806 0.04175693636451801 0.023901124005408825
0 0.9131793436170552 0.5984649385940715 0.02621168469752817 0.015134651336727067