0 0.27905372167334974 0.19204482134889886 0.02131422787409356 0.039304839439121865
0 0.2854566942754582 0.35576096195273105 0.02262201674922295 0.03391797659425162
0 0.2990793734520686 0.2724366672331701 0.010284682588823202 0.020022572930778536
0 0.32181162913833844 0.2194190092164833 0.011648129445670109 0.032563516508343326
0 0.27905372167334974 0.19204482134889886 0.02131422787409356 0.039304839439121865
0 0.2854566942754582 0.35576096195273105 0.02262201674922295 0.03391797659425162
0 0.2990793734520686 0.2724366672331701 0.010284682588823202 0.020022572930778536
0 0.32181162913833844 0.2194190092164833 0.011648129445670109 0.032563516508343326
0 0.8102320240926317 0.47996310182139423 0.018461055624352518 0.02824450870642714
0 0.8481409585412273 0.19312650412810067 0.02952698821317572 0.04830802521477064
0 0.16640625 0.648046875 0.059375 0.01640625
0 0.16640625 0.648046875 0.059375 0.01640625
0 0.9243159488235723 0.9609154514372815 0.0076498341603997485 0.013649742198083814
0 0.9243159488235723 0.9609154514372815 0.0076498341603997485 0.013649742198083814