0 0.8085589674310445 0.37068202070624584 0.015171132213985139 0.010412976114786332
0 0.7176065852170592 0.3737199033738651 0.01352678666048881 0.007959965471124875
0 0.8085589674310445 0.37068202070624584 0.015171132213985139 0.010412976114786332
0 0.7176065852170592 0.3737199033738651 0.01352678666048881 0.007959965471124875
0 0.030078125 0.758203125 0.06015625 0.07265625
0 0.11976555214235844 0.7790949082791064 0.06480903366526398 0.048175056068300214
0 0.15834442986350616 0.7171820932442416 0.07175843811176748 0.046322978964778015
0 0.030078125 0.758203125 0.06015625 0.07265625
0 0.11976555214235844 0.7790949082791064 0.06480903366526398 0.048175056068300214
0 0.15834442986350616 0.7171820932442416 0.07175843811176748 0.046322978964778015
0 0.6620559896635629 0.5796528291203346 0.015116568511654193 0.00885047611478651