0 0.4256796101974887 0.24040946034199706 0.0809682001845701 0.0705320119678472
0 0.3451090773486511 0.4110567275344622 0.02933584901255095 0.056068815254479175
0 0.330565715997599 0.406023735418247 0.0202717296419344 0.03635572729857639
0 0.3636697659652999 0.2068871391035942 0.027653433065707132 0.04198813145888884
0 0.43114131786175625 0.1368665596486116 0.0265217296419344 0.0365011976632986
0 0.3465585606912132 0.26634363957855944 0.02599080351605778 0.04038926386770836
0 0.3305930004660379 0.26518962176895877 0.021153109191583752 0.037936411094166546
0 0.3063812928017704 0.36829611136817747 0.014252267118863137 0.02763469072944442
0 0.29664534739756226 0.34929153822991366 0.015464313695090581 0.02220230832062491
0 0.28273768893041573 0.32823382921590316 0.008963989820967199 0.018150587955902787
0 0.9380387102897739 0.3127916469873789 0.008863860271317848 0.016588087955902785
0 0.594140625 0.983203125 0.02734375 0.03359375
0 0.5584723238002942 0.9405536242859552 0.022665544416759074 0.03719152868534721