0 0.2364354268307043 0.730943707405326 0.03865995257436623 0.061793678659881834
0 0.20401042821670945 0.8060817753332316 0.01850707629424182 0.023456770678164495
0 0.2125992320429651 0.6786834443779022 0.019470336817585476 0.026618157981717516
0 0.19832353590451443 0.5893587519667254 0.015700594710093264 0.02877997146395277
0 0.1747348464843279 0.6465548218591015 0.01821864995764777 0.045258996071058634
0 0.1750460241363399 0.6679664222519957 0.009731315770898164 0.019931510339082158
0 0.2364354268307043 0.730943707405326 0.03865995257436623 0.061793678659881834
0 0.20401042821670945 0.8060817753332316 0.01850707629424182 0.023456770678164495
0 0.2125992320429651 0.6786834443779022 0.019470336817585476 0.026618157981717516
0 0.19832353590451443 0.5893587519667254 0.015700594710093264 0.02877997146395277
0 0.1747348464843279 0.6465548218591015 0.01821864995764777 0.045258996071058634
0 0.1750460241363399 0.6679664222519957 0.009731315770898164 0.019931510339082158
0 0.9674683780543589 0.46013782475458564 0.009640310509226247 0.018369010339082337
0 0.902154555706371 0.48460595864592576 0.010785581555913738 0.02465539764263518