0 0.14988643115827305 0.0379725051277088 0.02702475666795969 0.03493869766329851
0 0.61015625 0.162890625 0.140625 0.26015625
0 0.6540244541820224 0.04728451505352478 0.01356816348570078 0.022929006933854267
0 0.12981375637809567 0.4580944018792018 0.011878117728066328 0.021330139342673603
0 0.17024730880369 0.49490472406753516 0.009151730455162621 0.016588087955902785
0 0.17934318963815485 0.5251374113300525 0.009406821970431523 0.019713087955902785
0 0.6685334932716971 0.7581304428651914 0.01838320924333523 0.024600609707395905
0 0.6721765350913778 0.7979832847629865 0.010841776212797073 0.018186955547083272
0 0.7065834215307863 0.7991739967689588 0.007079047424624463 0.0103017203647223
0 0.7159584215307864 0.799392202316042 0.00993298045516262 0.01660627175149294
0 0.7341499253238082 0.9362746064763545 0.00902418469752817 0.015025587955902786