0 0.11807776293491319 0.16548774915608194 0.03765908128389341 0.02996600544788173
0 0.05176949473544275 0.08617426667262099 0.02352385841125635 0.016482659654926124
0 0.01363823566025637 0.06306990244233361 0.013322156615858205 0.007959965471124875
0 0.012098461557955442 0.05927291308599525 0.013322156615858205 0.007959965471124875
0 0.7455444932229117 0.17106557781065063 0.04391817164297294 0.03196554802252862
0 0.6144033170914435 0.22865365671732096 0.1096795270291672 0.05999199505632156
0 0.42871326893593953 0.26623773315215205 0.09479941559284874 0.05270401894153487
0 0.325390625 0.295703125 0.03203125 0.04140625
0 0.08341213188478899 0.9599534791677033 0.03214487948849509 0.02177109319506556
0 0.033911841193744505 0.9446725046039635 0.03840396984757497 0.023770635769712455
0 0.5720203743712318 0.7688144809708515 0.048610216822512695 0.033074579953513705