0 0.0745855738665572 0.16195139651162896 0.027503437093786685 0.05560845234403846
0 0.19257368912567685 0.07878604796050333 0.011592064934808022 0.03820090684754529
0 0.19328300385861413 0.19497689967238968 0.010674447240056395 0.030338342072720438
0 0.20737761871234445 0.17163428323182117 0.012001168019063257 0.06163840684754511
0 0.0745855738665572 0.16195139651162896 0.027503437093786685 0.05560845234403846
0 0.19257368912567685 0.07878604796050333 0.011592064934808022 0.03820090684754529
0 0.19328300385861413 0.19497689967238968 0.010674447240056395 0.030338342072720438
0 0.20737761871234445 0.17163428323182117 0.012001168019063257 0.06163840684754511
0 0.9668968946869267 0.25753101287375557 0.004905688311602674 0.012800388648948058
0 0.33923949898899786 0.7359273207087499 0.009057400162155815 0.027113212523071438
0 0.33923949898899786 0.7359273207087499 0.009057400162155815 0.027113212523071438