0 0.1615228025199178 0.2624163587441492 0.008380801332783605 0.019849584980972067
0 0.15644885761362498 0.248944107755566 0.007508623119538172 0.01669275148287479
0 0.8513874529884538 0.04041269545514172 0.006636444906292738 0.013535917984777513
0 0.31126255816130327 0.7290931934779753 0.024292957838416562 0.057173171444818746
0 0.3296374792816662 0.716966572432308 0.027531618104973177 0.06120675543720751
0 0.34595096948364557 0.6474021596375922 0.02373902837152997 0.06495383794672147
0 0.33790513727204957 0.5854287416528146 0.01474446159934022 0.02401050296574958
0 0.31126255816130327 0.7290931934779753 0.024292957838416562 0.057173171444818746
0 0.3296374792816662 0.716966572432308 0.027531618104973177 0.06120675543720751
0 0.34595096948364557 0.6474021596375922 0.02373902837152997 0.06495383794672147
0 0.33790513727204957 0.5854287416528146 0.01474446159934022 0.02401050296574958