0 0.2721839951167838 0.263671875 0.04760242570596294 0.025
0 0.9545801322242312 0.31328125 0.030233069279472245 0.01875
0 0.8444561487194229 0.247265625 0.012727320533113406 0.0078125
0 0.689820124504528 0.302734375 0.022147784639735945 0.009375
0 0.9545801322242312 0.31328125 0.030233069279472245 0.01875
0 0.8444561487194229 0.247265625 0.012727320533113406 0.0078125
0 0.689820124504528 0.302734375 0.022147784639735945 0.009375
0 0.03806257046660644 0.9046875 0.014221624373179509 0.00546875
0 0.02288920569359192 0.893359375 0.04388639231986815 0.0046875
0 0.6427943603187631 0.672265625 0.029960284639736122 0.009375
0 0.6427943603187631 0.672265625 0.029960284639736122 0.009375