0 0.35530990643912597 0.3271333876999082 0.038991955331134066 0.0813374743638425
0 0.36229804084143524 0.24428193147935265 0.024065637305303155 0.05041966503300923
0 0.40270304664742296 0.5023487097074082 0.03277304757185977 0.05507777073518518
0 0.4523177759955962 0.44435612575354266 0.02772183471887839 0.04216766762490742
0 0.47516842270320847 0.40867768494296397 0.010770015439406321 0.021982306738935264
0 0.42560150597058993 0.38755896734169076 0.013204693652651579 0.025312358294074144
0 0.48160145338416527 0.3740439800183575 0.010170621865896835 0.02816395622055552
0 0.4928882943712497 0.3581749722426631 0.005051212852981379 0.01291010311027776
0 0.47194047113299814 0.297740184942964 0.006727373119538171 0.016953054147036895
0 0.7153680422929322 0.1759670021909036 0.02154003087881229 0.043964613477870354
0 0.7488702067493775 0.06220765282706111 0.01552571159934022 0.024736159849212937
0 0.7861321775199177 0.15841898001835747 0.007463159012915455 0.01545890466541664
0 0.79450997301346 0.15024524931618152 0.006636444906292738 0.013828054147036894