0 0.4125103452710066 0.3982586394528833 0.0797797253987154 0.07655678218308673
0 0.4050576019205204 0.5844146607402068 0.030197299486909655 0.057490071907742114
0 0.4202647012271349 0.5845212444645048 0.02036770459715278 0.03730325804577177
0 0.48409473114675305 0.38896309000535895 0.02832567496187508 0.0440995612640803
0 0.4561168345374303 0.3008319823958473 0.02661770459715278 0.037740300620418665
0 0.4713664538863017 0.44991147967190653 0.025945557370694417 0.04237317029858776
0 0.4864735423171698 0.45431493839620457 0.021185322188333446 0.0389203883676025
0 0.45948209009484325 0.558379543533877 0.01391768284565984 0.028272465471124875
0 0.47736933961987804 0.5438691112926823 0.015352896276527871 0.02291297611478633
0 0.4999349972471176 0.5294215221205028 0.00901197729857639 0.018569683540139437
0 0.64140625 0.629296875 0.0234375 0.07265625
0 0.6647810334834545 0.6231631273842257 0.02265690321038196 0.03512339901126431
0 0.727572627423281 0.5727535819595873 0.021185322188333446 0.0389203883676025