0 0.8374377873808998 0.2783310957218328 0.03403463241536144 0.07597669272021186
0 0.8546669753180287 0.06983052190239887 0.03154543667008767 0.0509630571815924
0 0.8881243699318343 0.09346346462261064 0.028665876365237253 0.09313237646343317
0 0.8374377873808998 0.2783310957218328 0.03403463241536144 0.07597669272021186
0 0.8546669753180287 0.06983052190239887 0.03154543667008767 0.0509630571815924
0 0.8881243699318343 0.09346346462261064 0.028665876365237253 0.09313237646343317
0 0.30253081230836065 0.7174393079576544 0.005532382513557366 0.010969316256778683
0 0.3148964690715127 0.8077486784200613 0.00555056323171641 0.014094316256778682
0 0.30253081230836065 0.7174393079576544 0.005532382513557366 0.010969316256778683
0 0.3148964690715127 0.8077486784200613 0.00555056323171641 0.014094316256778682
0 0.7323705758229443 0.5066969902374426 0.008675563231716588 0.014112496974937905
0 0.7509364960515821 0.538446699546398 0.007867042154477666 0.009420451795398143
0 0.7323705758229443 0.5066969902374426 0.008675563231716588 0.014112496974937905
0 0.7509364960515821 0.538446699546398 0.007867042154477666 0.009420451795398143