0 0.246484375 0.541796875 0.06328125 0.03515625
0 0.3029451747227956 0.4863801981579211 0.04738414627652787 0.024331614653892508
0 0.363709928664688 0.4757647241078608 0.06858699905006951 0.03012459124814413
0 0.459412727059497 0.4539317890673811 0.07585463839274312 0.04064933344622812
0 0.9497818475004692 0.2695910885924112 0.020585256933854268 0.01278328301668683
0 0.28664900731191023 0.9470294321018333 0.11237401985163195 0.06753273801421251
0 0.43132442125586856 0.8784354830972015 0.0704222559839236 0.04192522840327388
0 0.4684876944322574 0.8451997195853049 0.031631859707395904 0.018043993102595125
0 0.4697774374984032 0.8333990824301754 0.024509690729444422 0.013769250904511133
0 0.4153078164402956 0.8288227860709341 0.05298018284565984 0.030086969696846565
0 0.3166069780094275 0.8394708986328909 0.028488675911805574 0.017098968792335613
0 0.31592541227998305 0.8269913704216734 0.0142079703647223 0.006986984396167628
0 0.6463665599814067 0.6747898436807939 0.033194359707395905 0.018125880257724703