0 0.13283807490571267 0.2711096820570825 0.034741661818710766 0.016019113125944884
0 0.09423802498060337 0.29629518070637106 0.018080320303441866 0.0119385578783902
0 0.22733737399732715 0.24694486898760754 0.013982751666990012 0.009367294724210672
0 0.6718210199796335 0.37837266236110667 0.05931109818322877 0.04077618942018653
0 0.642882819071248 0.3613972649637077 0.09024223378914265 0.03869004465362345
0 0.16309147861899476 0.9672990189805489 0.01704397878817261 0.00876805524755433
0 0.6733915721757068 0.8609453622693433 0.06047498545613248 0.04550919205102257
0 0.6830136114949026 0.8335599622764022 0.037069436364518 0.025485118387616624
0 0.6883228648288824 0.8161449491222225 0.031473140606883374 0.02360409997176518
0 0.8227696254347961 0.8122019953030255 0.029910640606883553 0.02351309471009344
0 0.8775608369490954 0.8315593045674209 0.04005091515269079 0.03343412628012441