0 0.77734375 0.0078125 0.01875 0.015625
0 0.8516318698327134 0.006455424490313266 0.005087760339082159 0.00897638727290353
0 0.77734375 0.0078125 0.01875 0.015625
0 0.8516318698327134 0.006455424490313266 0.005087760339082159 0.00897638727290353
0 0.2833666941707597 0.5700557322913304 0.027619885855810898 0.05829073212215263
0 0.29713061445603 0.5523579847918153 0.031708072373575466 0.06251584651623894
0 0.29268394003467596 0.4794546310036427 0.027983758891340214 0.06610323212215255
0 0.266796875 0.426953125 0.01640625 0.01484375
0 0.2833666941707597 0.5700557322913304 0.027619885855810898 0.05829073212215263
0 0.29713061445603 0.5523579847918153 0.031708072373575466 0.06251584651623894
0 0.29268394003467596 0.4794546310036427 0.027983758891340214 0.06610323212215255
0 0.266796875 0.426953125 0.01640625 0.01484375