0 0.3503927373970807 0.41875 0.027349761678482666 0.05390625
0 0.31046106502307663 0.442578125 0.007417694906292738 0.01328125
0 0.3503927373970807 0.41875 0.027349761678482666 0.05390625
0 0.31046106502307663 0.442578125 0.007417694906292738 0.01328125
0 0.6728432246628125 0.413671875 0.0384009219450391 0.0578125
0 0.21340237701181053 0.673828125 0.025605405251991797 0.04765625
0 0.21340237701181053 0.673828125 0.025605405251991797 0.04765625
0 0.9953125 0.74375 0.009375 0.034375
0 0.9269719577719094 0.74296875 0.004937552586424765 0.00859375
0 0.9953125 0.74375 0.009375 0.034375
0 0.9269719577719094 0.74296875 0.004937552586424765 0.00859375