0 0.894921875 0.337890625 0.02578125 0.00390625
0 0.9251850404340036 0.3047545418158098 0.013828054147037073 0.007256392946385759
0 0.9557467542888418 0.29038484980415175 0.01114255155513888 0.0031725441911412133
0 0.27209279863393404 0.780214176564072 0.04260716503300923 0.025734628424238615
0 0.4026166190626611 0.6709778266712849 0.01233390466541664 0.007919243776222728
0 0.27209279863393404 0.780214176564072 0.04260716503300923 0.025734628424238615
0 0.4026166190626611 0.6709778266712849 0.01233390466541664 0.007919243776222728
0 0.7064005109099991 0.6543361622540285 0.022187358294074144 0.014098388797200911
0 0.7812101565037721 0.6534082972143944 0.015663956220555518 0.010499792116548789
0 0.7267817156931935 0.6256138000139332 0.012197203628657505 0.006356743776222728
0 0.6471871795480315 0.6028969665057821 0.02561515466541664 0.008925636722608488