0 0.0618559596781314 0.433681403109885 0.06324929909161439 0.02414969095199062
0 0.12316798028598477 0.38100139000898237 0.011383910151720755 0.006425657257314832
0 0.11797822051356607 0.3733108938968296 0.014508910151720756 0.0066990593308332794
0 0.17320778998351286 0.36188573261025564 0.012946410151720933 0.006562358294074056
0 0.14462040437759915 0.3605084517903019 0.024011455909355384 0.009081765551388798
0 0.0618559596781314 0.433681403109885 0.06324929909161439 0.02414969095199062
0 0.12316798028598477 0.38100139000898237 0.011383910151720755 0.006425657257314832
0 0.11797822051356607 0.3733108938968296 0.014508910151720756 0.0066990593308332794
0 0.17320778998351286 0.36188573261025564 0.012946410151720933 0.006562358294074056
0 0.14462040437759915 0.3605084517903019 0.024011455909355384 0.009081765551388798
0 0.5728092417253934 0.1066900304189593 0.014572683030538158 0.007480309330833279
0 0.5728092417253934 0.1066900304189593 0.014572683030538158 0.007480309330833279
0 0.14737107717667666 0.6713731745753714 0.0398755719704317 0.022880425400601822
0 0.3118720640702781 0.66590141493808 0.034534367728066326 0.02396447177194432
0 0.23276644323775297 0.6514913185903716 0.020296524545807236 0.011083762959490784
0 0.18617036899635728 0.6284194759890983 0.032860297424624464 0.01295862125356475
0 0.14737107717667666 0.6713731745753714 0.0398755719704317 0.022880425400601822
0 0.3118720640702781 0.66590141493808 0.034534367728066326 0.02396447177194432
0 0.23276644323775297 0.6514913185903716 0.020296524545807236 0.011083762959490784
0 0.18617036899635728 0.6284194759890983 0.032860297424624464 0.01295862125356475
0 0.7489810522564164 0.9755811581522693 0.020296524545807236 0.011083762959490784