0 0.6173180702079959 0.48236743807683735 0.027853085969555026 0.012818173337045203
0 0.9068879296378108 0.8463614844048148 0.030850751977166267 0.009729536004136109
0 0.9209113024134987 0.8359827867401102 0.03472516847906917 0.008993739337999785
0 0.9574072179268184 0.8309412980784282 0.027725751977166268 0.00969317333704538
0 0.9883143431739642 0.8324722544159509 0.012691000988583135 0.004832950668363622
0 0.974060842185381 0.8276211224140418 0.016660917984777514 0.006440904002227121
0 0.9068879296378108 0.8463614844048148 0.030850751977166267 0.009729536004136109
0 0.9209113024134987 0.8359827867401102 0.03472516847906917 0.008993739337999785
0 0.9574072179268184 0.8309412980784282 0.027725751977166268 0.00969317333704538
0 0.9883143431739642 0.8324722544159509 0.012691000988583135 0.004832950668363622
0 0.974060842185381 0.8276211224140418 0.016660917984777514 0.006440904002227121