0 0.86796875 0.601953125 0.044921875 0.025
0 0.652734375 0.589453125 0.030859375 0.016796875
0 0.69765625 0.601953125 0.042578125 0.0140625
0 0.715234375 0.5875 0.027734375 0.012109375
0 0.7078125 0.57265625 0.034375 0.0109375
0 0.709765625 0.549609375 0.0375 0.01484375
0 0.733203125 0.5671875 0.037890625 0.016796875
0 0.458984375 0.515625 0.016796875 0.006640625
0 0.458984375 0.497265625 0.014453125 0.00546875
0 0.487109375 0.47421875 0.009375 0.0046875
0 0.45234375 0.504296875 0.013671875 0.006640625