0 0.3037337172276796 0.38012728940403573 0.011211481803034929 0.023188516508343325
0 0.7984008811028092 0.15823513964152056 0.010139133374611475 0.016897572930778537
0 0.3711406180753851 0.6541258327668299 0.012429379445670108 0.032604460085908296
0 0.3711406180753851 0.6541258327668299 0.012429379445670108 0.032604460085908296
0 0.718086238629715 0.6283003171629977 0.02211474855225788 0.056492339439121866
0 0.7317388429515507 0.6462452733479479 0.02620293507002245 0.06060330732694617
0 0.7283548237211284 0.7189015233479479 0.021697371587787374 0.06426389586155708
0 0.7033965382582116 0.7755471313873489 0.014336481803034928 0.02335229081860284
0 0.718086238629715 0.6283003171629977 0.02211474855225788 0.056492339439121866
0 0.7317388429515507 0.6462452733479479 0.02620293507002245 0.06060330732694617
0 0.7283548237211284 0.7189015233479479 0.021697371587787374 0.06426389586155708
0 0.7033965382582116 0.7755471313873489 0.014336481803034928 0.02335229081860284