0 0.35187309046848575 0.4284069425636125 0.031238344606059697 0.011042800079142268
0 0.421875 0.423828125 0.015625 0.01640625
0 0.41112386360135256 0.43363883758861876 0.03135674377622273 0.012605300079142267
0 0.4676761505314202 0.37296627896509704 0.04745534045687485 0.019309941145369082
0 0.5387465897435395 0.39530193170980626 0.051716787967363766 0.02411110141192587
0 0.5784656515687164 0.3742411055353074 0.05345688672260849 0.02650031551854859
0 0.47443609731696296 0.42617084115168674 0.04270864087179334 0.018392298825501106
0 0.4676761505314202 0.37296627896509704 0.04745534045687485 0.019309941145369082
0 0.5387465897435395 0.39530193170980626 0.051716787967363766 0.02411110141192587
0 0.5784656515687164 0.3742411055353074 0.05345688672260849 0.02650031551854859
0 0.47443609731696296 0.42617084115168674 0.04270864087179334 0.018392298825501106
0 0.3158414247015832 0.9135321003228867 0.024929145020978184 0.0100796936526514
0 0.17324091152908228 0.9810993762203877 0.01897514294638576 0.013804087226160888
0 0.3158414247015832 0.9135321003228867 0.024929145020978184 0.0100796936526514
0 0.17324091152908228 0.9810993762203877 0.01897514294638576 0.013804087226160888
0 0.7977295808204697 0.7169616345336579 0.01856074585081515 0.008335337226160889