0 0.06656644441962971 0.9757056973735079 0.0236693041565303 0.041482659654926125
0 0.06400601707021814 0.7369518768907616 0.012627265027114731 0.02274908514929379
0 0.05711767978529849 0.6939093941551991 0.012636355386194254 0.02431158514929379
0 0.06411029575921016 0.687760442051677 0.010260789129415571 0.018678944183801248
0 0.06150519793567115 0.6426746760861844 0.00947953912941557 0.018624313861970342
0 0.04266202175510507 0.6253479233622435 0.007871587334017605 0.010702553218308708
0 0.06656644441962971 0.9757056973735079 0.0236693041565303 0.041482659654926125
0 0.06400601707021814 0.7369518768907616 0.012627265027114731 0.02274908514929379
0 0.05711767978529849 0.6939093941551991 0.012636355386194254 0.02431158514929379
0 0.06411029575921016 0.687760442051677 0.010260789129415571 0.018678944183801248
0 0.06150519793567115 0.6426746760861844 0.00947953912941557 0.018624313861970342
0 0.04266202175510507 0.6253479233622435 0.007871587334017605 0.010702553218308708
0 0.7053458410860437 0.639123887156271 0.042628382415361446 0.07873128737886681
0 0.7550852745837755 0.7991789072707002 0.06263687626704133 0.16212829542463858