0 0.15476685157556522 0.23429308821228415 0.00947953912941557 0.01829613221398514
0 0.15476685157556522 0.23429308821228415 0.00947953912941557 0.01829613221398514
0 0.7134000169229243 0.2000371558592981 0.028374984874689525 0.04395089664195524
0 0.7134000169229243 0.2000371558592981 0.028374984874689525 0.04395089664195524
0 0.18164069637404215 0.7793439379845406 0.02051703307929138 0.03586557813030104
0 0.2533179810640605 0.7428496326773213 0.00947953912941557 0.01829613221398514
0 0.18164069637404215 0.7793439379845406 0.02051703307929138 0.03586557813030104
0 0.2533179810640605 0.7428496326773213 0.00947953912941557 0.01829613221398514
0 0.8547625668364489 0.9156956275939209 0.03869031615858276 0.07164931070710594
0 0.9321901422175118 0.8602467084029607 0.018200554156530303 0.04047123257680489
0 0.8547625668364489 0.9156956275939209 0.03869031615858276 0.07164931070710594
0 0.9321901422175118 0.8602467084029607 0.018200554156530303 0.04047123257680489