0 0.8070832807631984 0.4630581767285076 0.042005829734219444 0.07227779172311415
0 0.7936914092331137 0.48493649875477496 0.022715609191583754 0.03856453301668665
0 0.7242568391380599 0.40382427860567266 0.01987121144333699 0.03062920228399211
0 0.7070868734542278 0.27561905246367663 0.024297895588778217 0.0511054765942518
0 0.7279117107465864 0.19962644052331752 0.021834229641934398 0.036961089439121866
0 0.7261699356081589 0.14814582767844725 0.019670952344038463 0.027504202283992106
0 0.725113186300297 0.40503709718323755 0.01830871144333699 0.03054731512886235
0 0.690077451028979 0.3868498015591655 0.01722707279438911 0.025818871551297563
0 0.6682478685954242 0.36818667175369624 0.006570175046142523 0.017474105042954234
0 0.6563492446751583 0.34654018345657034 0.008282869370616553 0.019899742198083815
0 0.6435890276024377 0.3357493080043148 0.005388406847545291 0.01118316146538927
0 0.7977730289913263 0.9190586536056727 0.01830871144333699 0.03054731512886235