0 0.2792841944665586 0.3942992022702093 0.02635425296574958 0.015714637569213784
0 0.225639906177551 0.4137943291205232 0.029239172433401885 0.029146081893687815
0 0.5314475430405491 0.4505941641011426 0.028984504448624195 0.022896081893687813
0 0.5322142055881193 0.4309627845514933 0.028984504448624195 0.022896081893687813
0 0.4270299805312539 0.35819936266611146 0.043732753954332716 0.021503562615356308
0 0.48456923720419026 0.3862353238787358 0.03132825444862419 0.023046276218161667
0 0.984765625 0.424609375 0.03046875 0.03671875
0 0.9486589355693098 0.3726676268549266 0.01675641847906917 0.009645110271317847
0 0.318359375 0.98984375 0.05390625 0.0203125
0 0.3918923058735399 0.9514957857834982 0.04854758794672147 0.024928951264304368
0 0.8937804345807269 0.8804498484772963 0.008784750988583135 0.0052382125230712616