0 0.1819045635936975 0.17560496960536653 0.02845296153100705 0.04797442333704538
0 0.7718116302730725 0.34851920892348076 0.013954050436840327 0.029060791335136216
0 0.33068886213067683 0.8307010022676848 0.03935474715020852 0.08012385200509069
0 0.364755064210833 0.8267899332630714 0.04088087955902786 0.07857953333863606
0 0.3916374136596179 0.7288473272597307 0.03243259992375016 0.0847295360041361
0 0.390208679285017 0.8573447709261852 0.00823072729857639 0.018059656667727176
0 0.367415724212899 0.8802601049292079 0.00823072729857639 0.018059656667727176
0 0.4080797046456074 0.7438862529241171 0.01150119766329869 0.02434601933481808
0 0.33068886213067683 0.8307010022676848 0.03935474715020852 0.08012385200509069
0 0.364755064210833 0.8267899332630714 0.04088087955902786 0.07857953333863606
0 0.3916374136596179 0.7288473272597307 0.03243259992375016 0.0847295360041361
0 0.390208679285017 0.8573447709261852 0.00823072729857639 0.018059656667727176
0 0.367415724212899 0.8802601049292079 0.00823072729857639 0.018059656667727176
0 0.4080797046456074 0.7438862529241171 0.01150119766329869 0.02434601933481808
0 0.6717557724655376 0.8872282676042529 0.006522756933854268 0.011791475334181812
0 0.7051771030126212 0.8774669142664122 0.00830346248093754 0.021184656667727175