0 0.36015625 0.3690914758354838 0.01640625 0.03035600346004106
0 0.257421875 0.5551397458357025 0.02578125 0.040113005437207506
0 0.34375 0.42896984737544275 0.01875 0.039826503954332536
0 0.36015625 0.3690914758354838 0.01640625 0.03035600346004106
0 0.257421875 0.5551397458357025 0.02578125 0.040113005437207506
0 0.34375 0.42896984737544275 0.01875 0.039826503954332536
0 0.565234375 0.6310111791435193 0.02421875 0.04864308844101295
0 0.555078125 0.5591129686682558 0.02890625 0.05274033942959626
0 0.5828125 0.5219618078507062 0.03203125 0.054430173421985015
0 0.516796875 0.618359375 0.01484375 0.04453125
0 0.565234375 0.6310111791435193 0.02421875 0.04864308844101295
0 0.555078125 0.5591129686682558 0.02890625 0.05274033942959626
0 0.5828125 0.5219618078507062 0.03203125 0.054430173421985015
0 0.516796875 0.618359375 0.01484375 0.04453125
0 0.22421875 0.7866696008354838 0.0078125 0.015162084980972068
0 0.22421875 0.7866696008354838 0.0078125 0.015162084980972068
0 0.562890625 0.7505284889342109 0.00625 0.01744216798477751