0 0.4391625660065174 0.15981489765616264 0.02525466798477751 0.006831881458888844
0 0.38437493037924836 0.11065167885850631 0.02519100098858331 0.0052693814588888445
0 0.3869096813678315 0.11528462747173548 0.011096667490486035 0.004160823138263936
0 0.6353392055881193 0.08253255775194415 0.04857942144481875 0.02376546153100705
0 0.6865051161585229 0.05240799344739546 0.04201108646384668 0.01580749116628475
0 0.8159021267857922 0.09983465976618007 0.06096667490485963 0.04044446846486114
0 0.9257877920519659 0.09063011958795082 0.04830750741437377 0.036247277735416715
0 0.8210406129456278 0.03402782181027728 0.04315709239534584 0.04393249116628475
0 0.12136358305957717 0.7734374469524475 0.10460392836490087 0.05785082722232637
0 0.22428964110165764 0.6510062081609891 0.020535334486680414 0.005941528685347208
0 0.07654651363019963 0.6427151036297566 0.028443334980972068 0.008467116641249994
0 0.8544261159113772 0.9668779958222219 0.07030984140676252 0.03988142401194459