0 0.72109375 0.527734375 0.115234375 0.037109375
0 0.740234375 0.56171875 0.0671875 0.028515625
0 0.85625 0.52265625 0.111328125 0.046484375
0 0.80859375 0.48671875 0.031640625 0.012109375
0 0.660546875 0.485546875 0.024609375 0.006640625
0 0.637890625 0.519921875 0.023046875 0.009375
0 0.72109375 0.527734375 0.115234375 0.037109375
0 0.740234375 0.56171875 0.0671875 0.028515625
0 0.85625 0.52265625 0.111328125 0.046484375
0 0.80859375 0.48671875 0.031640625 0.012109375
0 0.660546875 0.485546875 0.024609375 0.006640625
0 0.637890625 0.519921875 0.023046875 0.009375