0 0.220703125 0.49296875 0.04765625 0.0328125
0 0.246875 0.490625 0.028125 0.0375
0 0.29440183503674355 0.43863996949722744 0.015367673421985018 0.03268622146395259
0 0.3119103286109529 0.4090445147824977 0.013151257414373774 0.035702059553293884
0 0.22939762306001468 0.22117633364141653 0.040827929847775654 0.06428297787409357
0 0.24400395112090445 0.19690407971247512 0.024742673421985016 0.03312286910658786
0 0.3313878639342109 0.37993065332665027 0.004288251977166269 0.00955693651776457
0 0.5340300790866539 0.03409263357949932 0.020931923916276674 0.0352846825888232
0 0.555427576615196 0.023392728078981274 0.020150673916276673 0.03524829528527027
0 0.5489507542386596 0.07494559273989906 0.015367673421985018 0.032686221463952767
0 0.6195563673942519 0.21937198893479212 0.029349260380123355 0.050492305624352515
0 0.623240464961069 0.08971231792565089 0.010888420456235438 0.018441784946188023
0 0.12906067792638093 0.7831112534099581 0.035454680342067134 0.06637201674922295
0 0.18671875 0.521875 0.015625 0.025
0 0.8554593753029174 0.6915402414159916 0.013023923421985018 0.03257705955329406