0 0.076171875 0.00625 0.02109375 0.0125
0 0.15773075814232557 0.1508671588297899 0.007898858411256527 0.015435745850815152
0 0.5921875 0.021484375 0.0703125 0.04296875
0 0.5573830519075302 0.2425437894288674 0.04810622277444114 0.08095492468997208
0 0.5558026316297946 0.3064582904661636 0.015797716822512787 0.030871491701630303
0 0.5859466617331218 0.32006559949180174 0.01817782825883114 0.03729909045687485
0 0.6245134767228591 0.1707114285384181 0.029178960772388508 0.04906538464801606
0 0.6274208289857953 0.26776402729366267 0.019031801131468205 0.04985829004195637
0 0.6338594539366975 0.30065949897431477 0.00949771984757497 0.02180414502097818
0 0.6397551903730159 0.3073534958624261 0.007917039129415571 0.01856074585081515
0 0.6540037822937246 0.273292438186434 0.018968168617910664 0.038920790041956366
0 0.677000399878363 0.19928717573887944 0.011868740924813714 0.026669243776222727
0 0.2404707957101122 0.8694691598670861 0.010251698770336048 0.017175844606059698
0 0.2766898364011568 0.8534719405733764 0.006368174668035032 0.020786096680652122
0 0.7312639673530852 0.7360045418158098 0.022061352361132158 0.03368883838228243
0 0.7286338710420772 0.6866081930605652 0.015806807181592396 0.032433991701630305
0 0.7847997852205907 0.6764174381864341 0.00947953912941557 0.018679145020978182
0 0.797685865041051 0.676612981340279 0.008707379488495093 0.020182445435896666
0 0.8010623411842396 0.5187354540582273 0.01106021984757497 0.021922544191141213