0 0.45704155738428015 0.05939981741264333 0.04306673151356133 0.07170997925407559
0 0.43485886785821287 0.1164019289277924 0.0212981473268119 0.045170790041956364
0 0.4181438347962959 0.2942255646131047 0.021116136803468067 0.04204579004195637
0 0.41704755450638914 0.32255776316088997 0.011202810509226247 0.0187383446060597
0 0.38874897828273447 0.22739955112825375 0.014373313140062294 0.01975639294638576
0 0.3686867427523321 0.23323561534037313 0.017164384172632198 0.04096854211654879
0 0.3806669506236637 0.2570457959417727 0.01023954998588259 0.015554145020978183
0 0.7144144416274995 0.31038382218652816 0.024733960466874018 0.06409838879720091
0 0.6951831758777776 0.2698597382657807 0.012530092079257394 0.028172544191141215
0 0.6943760509483647 0.1953745901329138 0.009822321032569904 0.021744945435896668
0 0.18844732846626117 0.7657749668951563 0.028276189420186525 0.058144386722608486
0 0.1914561772990762 0.6086073733263928 0.0337904420510224 0.059340033818178914
0 0.16091495620297777 0.6568264806923572 0.014092592079257216 0.028290943361304242
0 0.1445986179288 0.7808680932448026 0.018499371018452494 0.03718069128671182
0 0.138996848162237 0.8126804893030769 0.01023954998588259 0.015554145020978183
0 0.13035374289350637 0.8192206595315141 0.008259821032569902 0.021626546265733636
0 0.12253775476756168 0.7860709064196255 0.010095336817585477 0.02643244543589667
0 0.11404620343096764 0.8086859012331444 0.00876805524755433 0.016998245850815153
0 0.11017811529796404 0.7826916249883891 0.00789579998588259 0.015376546265733638
0 0.11041369823988285 0.7328454516480629 0.00711454998588259 0.015317346680652122