0 0.6333928202409348 0.25840888003058216 0.03447669292109108 0.04937588025772479
0 0.6214992274085863 0.1955625206344144 0.06399306733052797 0.09069359905006032
0 0.6046378319053483 0.4654860566475481 0.030915183302444405 0.03671210594746519
0 0.5890625 0.503515625 0.040625 0.03203125
0 0.14630327604997467 0.6279279633074681 0.031188001814098597 0.04452460594746528
0 0.18459567777533065 0.6968539043408416 0.029925602176918177 0.05303646879233561
0 0.13295501634650986 0.9653460761523384 0.024047624409436884 0.04103111374938138
0 0.16821171466748758 0.9531055653539754 0.01582589664195542 0.028902927973732773
0 0.20362344157032872 0.801947518090223 0.011728673683797375 0.023229460085908295
0 0.16531985500250715 0.9126460006773686 0.021966769237293703 0.02610547659425162
0 0.57265625 0.98515625 0.0265625 0.0296875