0 0.19668883665116424 0.4205982014388616 0.0756662715394251 0.07860838479802065
0 0.17693280157964866 0.17908848294449467 0.05306465186125582 0.07873040525199179
0 0.17945936296977977 0.11508281307777297 0.01770095222957302 0.030142141066226813
0 0.2103296276363273 0.10287950402528638 0.020481744804219916 0.03646033722616089
0 0.2391298398793082 0.2540752853330638 0.03218406930985207 0.04771608597251955
0 0.2482477497863357 0.15713208917312968 0.022137079953513706 0.04898306927947225
0 0.25676490814231673 0.12452835774663899 0.010850018689433406 0.021366534639735944
0 0.2630613257169637 0.1181078673468039 0.009068997402109957 0.018196070533113406
0 0.27505608623457467 0.15284357436054402 0.021372255447881728 0.038045569279472245
0 0.2931944450169805 0.22794286276120382 0.013521550620418665 0.02612223079967002
0 0.5055271491757524 0.09819200402528638 0.04396280347041017 0.08236387061225567
0 0.523046875 0.54921875 0.04140625 0.0796875
0 0.56171875 0.5171875 0.0234375 0.015625