0 0.2608127549800969 0.06614238137001908 0.04023768083635879 0.06871550790866543
0 0.26119871003674355 0.24846013285289387 0.024933674410568152 0.037673754942915846
0 0.6403808619570446 0.20313900983006014 0.015495007414373773 0.03572925296574958
0 0.5809740284589473 0.20477710568544705 0.006232753954332715 0.018972834486680412
0 0.5961221732306108 0.29806551996303765 0.006823002965749581 0.014317167984777512
0 0.5737259084018632 0.22854885741546765 0.005978085969555203 0.012722834486680412
0 0.5765179859684613 0.20104593992498163 0.005978085969555025 0.012722834486680412
0 0.19539467271772876 0.7262210241645162 0.01661183844101295 0.02485541996194396
0 0.20590306773653796 0.8208723144306902 0.024580847338261692 0.06729758794672147
0 0.20371050944731178 0.9399088159135648 0.01932034437251211 0.05304408695813834
0 0.8197029239720482 0.6880770604763573 0.022509011368706665 0.05473392095052709
0 0.8185217787060932 0.5918718932330171 0.027260178364900866 0.05648742193911023
0 0.8262149204934165 0.47339380726346203 0.032121433307816714 0.08008408942959626