0 0.5218331445616988 0.13993013291745166 0.012769255437207505 0.025985801542127616
0 0.6669539615196183 0.5415531112052252 0.025651257414373775 0.03557898985373029
0 0.6364208972803025 0.43497869298264347 0.020836423421985016 0.032372169236879245
0 0.6270180516720615 0.37689829890792004 0.017615922927693362 0.029973872158978666
0 0.6218702952462708 0.34649773275529583 0.018524506920082118 0.03311250892845372
0 0.6180781210828483 0.31099176806372136 0.007572419467652303 0.01340398092527657
0 0.5988061742006034 0.3656636542242884 0.010761086463846681 0.01502102800317715
0 0.4956984202462708 0.6988170734611677 0.016244423916276673 0.0346340986200282
0 0.4956984202462708 0.6988170734611677 0.016244423916276673 0.0346340986200282
0 0.723786951615196 0.8231332579174516 0.011733337452429816 0.019722164772652383
0 0.6770094286492278 0.9126847045486001 0.00841733646384668 0.014980117694751627
0 0.723786951615196 0.8231332579174516 0.011733337452429816 0.019722164772652383
0 0.6770094286492278 0.9126847045486001 0.00841733646384668 0.014980117694751627