0 0.1742695302263259 0.0588700277291335 0.030932541469812235 0.013635786004136109
0 0.15724572133331857 0.053982533060133606 0.03481150961864685 0.012899989337999785
0 0.12065841874724699 0.060981692055202076 0.02778025961864685 0.01281817333704538
0 0.09174720690534825 0.07197800771799763 0.012718254809323426 0.006395450668363623
0 0.10340271411933344 0.0627348223862021 0.016706350362819755 0.00878465400222712
0 0.1742695302263259 0.0588700277291335 0.030932541469812235 0.013635786004136109
0 0.15724572133331857 0.053982533060133606 0.03481150961864685 0.012899989337999785
0 0.12065841874724699 0.060981692055202076 0.02778025961864685 0.01281817333704538
0 0.09174720690534825 0.07197800771799763 0.012718254809323426 0.006395450668363623
0 0.10340271411933344 0.0627348223862021 0.016706350362819755 0.00878465400222712
0 0.8232340479235983 0.2940185554184961 0.05240823738612832 0.024818734006999677
0 0.7834560299098399 0.7237095060669742 0.01673363221398514 0.009565904002227298