0 0.901171875 0.546484375 0.0375 0.01484375
0 0.669140625 0.48984375 0.020703125 0.008203125
0 0.626171875 0.4859375 0.021484375 0.008203125
0 0.621484375 0.477734375 0.0171875 0.006640625
0 0.57734375 0.469140625 0.017578125 0.00546875
0 0.557421875 0.483203125 0.009765625 0.00546875
0 0.901171875 0.546484375 0.0375 0.01484375
0 0.669140625 0.48984375 0.020703125 0.008203125
0 0.626171875 0.4859375 0.021484375 0.008203125
0 0.621484375 0.477734375 0.0171875 0.006640625
0 0.57734375 0.469140625 0.017578125 0.00546875
0 0.557421875 0.483203125 0.009765625 0.00546875