0 0.4573303558592191 0.4440386636036747 0.03953593189572917 0.056807029668994244
0 0.3022064447650525 0.4135671457575354 0.007304006933854268 0.012251546265733637
0 0.5887628470255039 0.18434158704424713 0.009793227298576391 0.018679145020978182
0 0.4687783085565108 0.9525014364241915 0.025945557370694417 0.042519386722608486
0 0.4359375 0.9875 0.015625 0.025
0 0.4687783085565108 0.9525014364241915 0.025945557370694417 0.042519386722608486
0 0.4359375 0.9875 0.015625 0.025
0 0.8258287221676742 0.7307515859067045 0.02656315321038196 0.035547336307690004
0 0.8438088503018062 0.8498747278157941 0.02094893284565984 0.028882939212119395
0 0.7557983976045144 0.7543002734568278 0.008121624525034576 0.013873245850815152
0 0.705379517095556 0.6990081995966925 0.00645002175149294 0.009067346680652122
0 0.6867285481557296 0.6515824589323584 0.014771668028020813 0.03153434253146727