0 0.45294073573423094 0.24452302321870673 0.0076498341603997485 0.01369077367752336
0 0.45294073573423094 0.24452302321870673 0.0076498341603997485 0.01369077367752336
0 0.9013418484306779 0.2500372758495426 0.011284256410140792 0.024810284200867016
0 0.13459530417886506 0.9241496100362923 0.017080492142117088 0.03216005261671846
0 0.11740888120525295 0.9063061745270659 0.007577059553294063 0.01212827367752336
0 0.09953642669766571 0.9620594982257653 0.012138281017246655 0.026418286831702886
0 0.08277486197483067 0.9771423192936289 0.009503432588823201 0.020031778939195277
0 0.13459530417886506 0.9241496100362923 0.017080492142117088 0.03216005261671846
0 0.11740888120525295 0.9063061745270659 0.007577059553294063 0.01212827367752336
0 0.09953642669766571 0.9620594982257653 0.012138281017246655 0.026418286831702886
0 0.08277486197483067 0.9771423192936289 0.009503432588823201 0.020031778939195277
0 0.7768330770286426 0.7270891113870037 0.01808006596343468 0.03689305524755433
0 0.7701935290550306 0.7098599613940625 0.01740797787409356 0.03919130261671846
0 0.778515625 0.658984375 0.01953125 0.03828125
0 0.7768330770286426 0.7270891113870037 0.01808006596343468 0.03689305524755433
0 0.7701935290550306 0.7098599613940625 0.01740797787409356 0.03919130261671846
0 0.778515625 0.658984375 0.01953125 0.03828125