0 0.050838500156883445 0.027118933199716012 0.013801684145441228 0.021332866061076317
0 0.1052722266380572 0.11520068342923703 0.009544980721668494 0.015545251666990011
0 0.050838500156883445 0.027118933199716012 0.013801684145441228 0.021332866061076317
0 0.1052722266380572 0.11520068342923703 0.009544980721668494 0.015545251666990011
0 0.7762466594730515 0.25654335395735056 0.011507998920265905 0.02192279742462446
0 0.7762466594730515 0.25654335395735056 0.011507998920265905 0.02192279742462446
0 0.10973038672480491 0.5542795456972914 0.04276729333702489 0.0610011439408634
0 0.10973038672480491 0.5542795456972914 0.04276729333702489 0.0610011439408634
0 0.7302139219638235 0.6643163021357302 0.018639378469915167 0.024059253333979846
0 0.857170639654853 0.8584484881257952 0.012920304595791876 0.019706593182258914
0 0.7302139219638235 0.6643163021357302 0.018639378469915167 0.024059253333979846
0 0.857170639654853 0.8584484881257952 0.012920304595791876 0.019706593182258914