0 0.4331722386252059 0.06768902354549851 0.009539819892376223 0.020913433540139525
0 0.4331722386252059 0.06768902354549851 0.009539819892376223 0.020913433540139525
0 0.72480962096636 0.11540026784551531 0.050858332712657627 0.0720824496316829
0 0.670552364349077 0.17053284117825324 0.023730752481199248 0.041373399011264314
0 0.6931262623012984 0.301807479419805 0.02720035483856407 0.032271550620418664
0 0.6319415324627341 0.27551794903986637 0.01818922787409356 0.03942848675844814
0 0.5880663309530748 0.30954588270605665 0.005124147642635179 0.00970278193098526
0 0.5859473090343107 0.2724638228669721 0.005124147642635179 0.00970278193098526
0 0.72480962096636 0.11540026784551531 0.050858332712657627 0.0720824496316829
0 0.670552364349077 0.17053284117825324 0.023730752481199248 0.041373399011264314
0 0.6931262623012984 0.301807479419805 0.02720035483856407 0.032271550620418664
0 0.6319415324627341 0.27551794903986637 0.01818922787409356 0.03942848675844814
0 0.5880663309530748 0.30954588270605665 0.005124147642635179 0.00970278193098526
0 0.5859473090343107 0.2724638228669721 0.005124147642635179 0.00970278193098526
0 0.30747237944341543 0.5139138135222554 0.0035616476426351797 0.009593521287323447
0 0.518541485212993 0.5426834877176783 0.006487594499482085 0.022257412252815988
0 0.50078125 0.54453125 0.0015625 0.0140625
0 0.518541485212993 0.5426834877176783 0.006487594499482085 0.022257412252815988
0 0.50078125 0.54453125 0.0015625 0.0140625