0 0.07779343775610972 0.269125238523159 0.016262854838564246 0.03150672611478651
0 0.849609375 0.01953125 0.04453125 0.0390625
0 0.8465734207997443 0.25461730121223525 0.060796258891340216 0.06810514381548423
0 0.822302243897191 0.2852363755918166 0.020642139784752267 0.04193612772394086
0 0.8568238701377906 0.3075073544305439 0.016680231803034927 0.023748856436617415
0 0.8817789245215433 0.3166500845682162 0.030672111248705038 0.05665419158591121
0 0.8438166019408255 0.32918025863758826 0.017825354838564067 0.03161598675844814
0 0.8655760357702483 0.3700264568442753 0.010284682588823202 0.02018681386197052
0 0.7732536410230975 0.24364999112104915 0.012846756410140792 0.02503820482746306
0 0.7914225211926385 0.2492033635231591 0.010430231803034928 0.02331181386197052
0 0.748161595737827 0.22320645114429222 0.011284256410140792 0.02492894418380125
0 0.7567124962759463 0.12257266661541699 0.018480326302517013 0.04567848675844814
0 0.7386816840343107 0.14506234873056068 0.007050520678164496 0.017624542574646896
0 0.7160275880870867 0.17696255875380382 0.004270123035529316 0.008085651609154355
0 0.6607183307459323 0.6533663396379455 0.010430231803034928 0.023311813861970343
0 0.6802763906088126 0.7890606801090703 0.011284256410140792 0.02492894418380125
0 0.6311389156302033 0.6368918927302034 0.015044957195929243 0.022077095792955602
0 0.6405695736119206 0.655461576270343 0.006868584160399749 0.013718292574646896
0 0.6004796707997444 0.6390308700178842 0.01611730562435252 0.028381726114786333
0 0.6000109439591081 0.6958435987305607 0.019424242142117264 0.03250649740210996