0 0.01484375 0.335546875 0.0296875 0.05390625
0 0.033957152354167075 0.3029896554175231 0.025981271751493118 0.009644255437207505
0 0.05395241574691014 0.34048832612090446 0.024491506933854178 0.012705588441013127
0 0.01484375 0.335546875 0.0296875 0.05390625
0 0.033957152354167075 0.3029896554175231 0.025981271751493118 0.009644255437207505
0 0.05395241574691014 0.34048832612090446 0.024491506933854178 0.012705588441013127
0 0.965198060456372 0.2554905615578932 0.036991506933854265 0.013214924410568329
0 0.4480927141417192 0.8586314783069418 0.0229471907294446 0.013423171444818749
0 0.44197876600345526 0.8474552270712128 0.011846036569131968 0.005946252471457925
0 0.6308779384483337 0.5796701843335811 0.021330139342673603 0.011015754448624192
0 0.6308779384483337 0.5796701843335811 0.021330139342673603 0.011015754448624192