0 0.24324161154590396 0.2476636765454229 0.026023589439121864 0.019967626623205347
0 0.15459406999213207 0.17427963372823047 0.017474105042954147 0.005768758928453721
0 0.2567485908536892 0.15376367208119604 0.019159435775648603 0.008139782467404188
0 0.2199684254873418 0.155576475246529 0.026890048620519025 0.0067136501621558155
0 0.24324161154590396 0.2476636765454229 0.026023589439121864 0.019967626623205347
0 0.15459406999213207 0.17427963372823047 0.017474105042954147 0.005768758928453721
0 0.2567485908536892 0.15376367208119604 0.019159435775648603 0.008139782467404188
0 0.2199684254873418 0.155576475246529 0.026890048620519025 0.0067136501621558155
0 0.8785345200148462 0.27990649919251637 0.049215427973732594 0.015689229707460582
0 0.8905669908991175 0.30350279911143846 0.033754202283992105 0.018541494317957152
0 0.9418600356186786 0.29285078409555243 0.035439533016686654 0.020912517856907443
0 0.3454287709193575 0.9171764484611679 0.02072193577564878 0.008167056006354478
0 0.9469503273417926 0.8946156558474939 0.020558161465389267 0.005042056006354478
0 0.9469503273417926 0.8946156558474939 0.020558161465389267 0.005042056006354478