0 0.34665096611843327 0.2378290760098311 0.007417694906292738 0.013322156615858205
0 0.5257205205853198 0.3125086408522746 0.025264424452321778 0.03607840056573401
0 0.5257205205853198 0.3125086408522746 0.025264424452321778 0.03607840056573401
0 0.3391207852000496 0.8552276664180087 0.014698997492717681 0.02195681323171641
0 0.3414508206644621 0.9353057914180087 0.009852373119538172 0.016460792154477842
0 0.36409871047704767 0.9619955564451234 0.006454588479802048 0.007067611436318444
0 0.3391207852000496 0.8552276664180087 0.014698997492717681 0.02195681323171641
0 0.3414508206644621 0.9353057914180087 0.009852373119538172 0.016460792154477842
0 0.36409871047704767 0.9619955564451234 0.006454588479802048 0.007067611436318444
0 0.9544342054624828 0.8744001076747875 0.008980194906292737 0.013331246974937904
0 0.9849579540109857 0.8093543576256895 0.007326766693047304 0.010197156615858205