0 0.035596197946660094 0.2151389547551406 0.02741240360834283 0.07500992368379737
0 0.06570220619693715 0.32610001936452077 0.014071794416759075 0.03712797776748147
0 0.06632217111018938 0.37834828288544176 0.008633322794389286 0.02524553666048881
0 0.055078125 0.42578125 0.01171875 0.0078125
0 0.06725301665282517 0.41111986010869356 0.011808387569213786 0.026135914065150524
0 0.8298462469130683 0.1915340464063627 0.008863860271317848 0.016679068511654283
0 0.871380509712995 0.3044531978576416 0.005488536397194465 0.012663691106992659
0 0.8298462469130683 0.1915340464063627 0.008863860271317848 0.016679068511654283
0 0.871380509712995 0.3044531978576416 0.005488536397194465 0.012663691106992659
0 0.10687731993817025 0.675823483611081 0.013270758019564611 0.02462797776748147
0 0.10687731993817025 0.675823483611081 0.013270758019564611 0.02462797776748147
0 0.9775798461563319 0.8412723796200645 0.024778756939830338 0.04607639183263199