0 0.255078125 0.5328125 0.00859375 0.0140625
0 0.22571934633085391 0.5224027057401776 0.005096676959604096 0.014445137272903707
0 0.255078125 0.5328125 0.00859375 0.0140625
0 0.22571934633085391 0.5224027057401776 0.005096676959604096 0.014445137272903707
0 0.5227247269722394 0.12863685922393858 0.01396321159934022 0.02452163893989372
0 0.5139904045586642 0.1379639973303372 0.006590980799670021 0.012228933030538158
0 0.8144187908081818 0.7344646701294147 0.06283863229073816 0.09709801166892955
0 0.7995050130634724 0.6659856726298996 0.03178720909205772 0.047799642273873386
0 0.866065690418788 0.8273538652033355 0.04242083221159589 0.06503493969849786
0 0.8192535322305489 0.8871671586900061 0.03871917069139794 0.07174732530441155
0 0.8144187908081818 0.7344646701294147 0.06283863229073816 0.09709801166892955
0 0.7995050130634724 0.6659856726298996 0.03178720909205772 0.047799642273873386
0 0.866065690418788 0.8273538652033355 0.04242083221159589 0.06503493969849786
0 0.8192535322305489 0.8871671586900061 0.03871917069139794 0.07174732530441155