0 0.330588189946707 0.20759973500585077 0.011137494668999891 0.017696922249740864
0 0.7659987049451162 0.13526773965866318 0.012073286004136107 0.031014559553293887
0 0.7646765602721391 0.18171572735511027 0.010438060669954296 0.02469178494618802
0 0.751171875 0.209765625 0.00234375 0.01171875
0 0.7659987049451162 0.13526773965866318 0.012073286004136107 0.031014559553293887
0 0.7646765602721391 0.18171572735511027 0.010438060669954296 0.02469178494618802
0 0.751171875 0.209765625 0.00234375 0.01171875
0 0.3967893526018666 0.5485211606678045 0.012073286004136107 0.031014559553293887
0 0.3852296892703893 0.5343034761145106 0.011337489337999784 0.034884422249740865
0 0.37705410994193456 0.49796571577542836 0.01125567333704538 0.027853172249740866
0 0.375 0.47109375 0.00625 0.003125
0 0.371780809277548 0.48091412965055785 0.008003404002227299 0.016770123035529317
0 0.3967893526018666 0.5485211606678045 0.012073286004136107 0.031014559553293887
0 0.3852296892703893 0.5343034761145106 0.011337489337999784 0.034884422249740865
0 0.37705410994193456 0.49796571577542836 0.01125567333704538 0.027853172249740866
0 0.375 0.47109375 0.00625 0.003125
0 0.371780809277548 0.48091412965055785 0.008003404002227299 0.016770123035529317