0 0.31332208524181615 0.36057295744780865 0.04940510236113216 0.03489791574266334
0 0.33462062876153115 0.25943502716496064 0.03604658430895533 0.020843121018452492
0 0.46273829011137424 0.647978828572142 0.042355671642972936 0.03136339206513981
0 0.5088118472438687 0.5869688574760434 0.050940331283893414 0.030301421004335083
0 0.7748254600945224 0.5356428769602578 0.03997101502711473 0.024195634172632197
0 0.7484174961988759 0.5075332875118364 0.028206813231716588 0.015700594710093264
0 0.5958873938377437 0.5306915244988311 0.022715337334017604 0.011475826294241643
0 0.7127569917103805 0.5249941678088018 0.02512271984757497 0.022549834186749607
0 0.23643512578556694 0.8315035956019882 0.019585792154477664 0.010512565770898163
0 0.23726182758096498 0.8237365982328242 0.018014201795398144 0.008859060509226246
0 0.2086439360413193 0.8396538772073129 0.02585397287263689 0.014001586817585477
0 0.33696437876153107 0.8135225586644046 0.043100560206654495 0.025158894695975854