0 0.2897776195165328 0.24978571891540158 0.014471603084255236 0.02401050296574958
0 0.2897776195165328 0.24978571891540158 0.014471603084255236 0.02401050296574958
0 0.8517361028774413 0.27899305785070627 0.015280126623205348 0.025604836463846682
0 0.896167054176335 0.252698483991295 0.007263075081077907 0.013567751482874613
0 0.9163519819362786 0.2238545716908707 0.004097164772652384 0.011096667490486035
0 0.41199462864850506 0.8306424353221642 0.009634098620028198 0.015225751977166269
0 0.41199462864850506 0.8306424353221642 0.009634098620028198 0.015225751977166269
0 0.5055488725610727 0.6284472532500764 0.023174447240056396 0.03061067144481875
0 0.554677893664391 0.7147640966340053 0.012141489853730291 0.024696252471457923
0 0.6047704868058951 0.677380149010323 0.00798977800317715 0.010474584980972068
0 0.5948957676500937 0.6707322302841081 0.007263075081077907 0.01356775148287479
0 0.5055488725610727 0.6284472532500764 0.023174447240056396 0.03061067144481875
0 0.554677893664391 0.7147640966340053 0.012141489853730291 0.024696252471457923
0 0.6047704868058951 0.677380149010323 0.00798977800317715 0.010474584980972068
0 0.5948957676500937 0.6707322302841081 0.007263075081077907 0.01356775148287479