0 0.4625 0.335546875 0.0234375 0.00859375
0 0.4875 0.334375 0.025 0.0109375
0 0.4613849281620377 0.32412096320553496 0.025150004464226862 0.010634482122152632
0 0.45434201846252015 0.3005320187355882 0.02671250446422686 0.010762027879787084
0 0.3223283593719106 0.24606817509428733 0.01099204707790058 0.0040178203034418655
0 0.6629445639172153 0.026170456682507216 0.012595457386326104 0.006489116061076316
0 0.38042416456583855 0.913542653048965 0.04650285308425506 0.027200099850218783
0 0.8864676359537533 0.6561839707069896 0.04167898538950343 0.019004962577315255
0 0.646959076700988 0.5664207426677231 0.029892051542127616 0.014142119395056163
0 0.6217272516199102 0.5510987605455705 0.04011648538950343 0.018877416819680803
0 0.6639576389982933 0.5346525074411117 0.02827500446422686 0.010889573637421535