0 0.20437563945012763 0.3085318016303997 0.03279577962517131 0.05403428213245363
0 0.2105066248353978 0.25878603431053165 0.02700878087881229 0.04293765775927429
0 0.073046875 0.394921875 0.01171875 0.02890625
0 0.68441600320061 0.20113331601402037 0.01774744114536908 0.04657112311953817
0 0.6991383900769483 0.07073694226766163 0.010860943652651578 0.02451426669304748
0 0.712175599169006 0.02508346146799152 0.013250157759274118 0.026144962852981467
0 0.07524089466254828 0.44141132353586776 0.023588264185764984 0.03269047954602886
0 0.07537127530393387 0.49058460942924514 0.017315532132453626 0.031727373119538174
0 0.018734830397641032 0.5055025672676616 0.009897837226160888 0.018241534639736122
0 0.005821473344329675 0.5066588961472988 0.009162051332783605 0.019781302586424764
0 0.8806635232256163 0.425213842109377 0.010951871865896834 0.027639266693047303