0 0.2600185299098399 0.3408941675040886 0.014154269237293704 0.025463791469812237
0 0.21895702029119307 0.3519755112434863 0.009630460344286362 0.029987600362819757
0 0.20828862156106193 0.32148815847600487 0.00606895072563951 0.01737847295815804
0 0.1922345629845407 0.25483140997361725 0.005451391832631991 0.022038691106992657
0 0.18562865431927672 0.29840407794104207 0.006669151451278843 0.03456597295815804
0 0.18901654914713353 0.3133842371968692 0.003670637023308565 0.015734127404661714
0 0.2600185299098399 0.3408941675040886 0.014154269237293704 0.025463791469812237
0 0.21895702029119307 0.3519755112434863 0.009630460344286362 0.029987600362819757
0 0.20828862156106193 0.32148815847600487 0.00606895072563951 0.01737847295815804
0 0.1922345629845407 0.25483140997361725 0.005451391832631991 0.022038691106992657
0 0.18562865431927672 0.29840407794104207 0.006669151451278843 0.03456597295815804
0 0.18901654914713353 0.3133842371968692 0.003670637023308565 0.015734127404661714
0 0.6402876278679979 0.4896875596107976 0.003452382213985139 0.009484127404661712