0 0.333342514654853 0.03046875 0.03500485811184948 0.05859375
0 0.37074822987725964 0.074609375 0.01800832279438911 0.025
0 0.4096570859080826 0.15625 0.01347101711886296 0.02734375
0 0.41739329118216917 0.096484375 0.01535369216500566 0.04453125
0 0.4108824753276103 0.076171875 0.008282869370616553 0.01953125
0 0.333342514654853 0.03046875 0.03500485811184948 0.05859375
0 0.37074822987725964 0.074609375 0.01800832279438911 0.025
0 0.4096570859080826 0.15625 0.01347101711886296 0.02734375
0 0.41739329118216917 0.096484375 0.01535369216500566 0.04453125
0 0.4108824753276103 0.076171875 0.008282869370616553 0.01953125
0 0.3552605370939451 0.715234375 0.010626619370616552 0.01953125
0 0.39510608343945985 0.806640625 0.007982480721668494 0.01484375
0 0.3552605370939451 0.715234375 0.010626619370616552 0.01953125
0 0.39510608343945985 0.806640625 0.007982480721668494 0.01484375