0 0.7418309999123865 0.23137145749591145 0.005670845792955603 0.01422619110699257
0 0.5102228619229363 0.7471936368960815 0.026933840597175518 0.05081845553496276
0 0.5252253310387945 0.8335664019146151 0.019104915102807672 0.06145585517214318
0 0.5730183388324648 0.8856720497376968 0.005452324505632156 0.011101191106992658
0 0.5812951965680271 0.8787586062260425 0.005670845792955603 0.014226191106992659
0 0.5876546392007818 0.9327008171608918 0.005561585149293791 0.012663691106992659
0 0.5916564012694392 0.9033357375329784 0.007107659654926124 0.023628472958158044
0 0.5102228619229363 0.7471936368960815 0.026933840597175518 0.05081845553496276
0 0.5252253310387945 0.8335664019146151 0.019104915102807672 0.06145585517214318
0 0.5730183388324648 0.8856720497376968 0.005452324505632156 0.011101191106992658
0 0.5812951965680271 0.8787586062260425 0.005670845792955603 0.014226191106992659
0 0.5876546392007818 0.9327008171608918 0.005561585149293791 0.012663691106992659
0 0.5916564012694392 0.9033357375329784 0.007107659654926124 0.023628472958158044