0 0.012109375 0.467578125 0.02421875 0.06484375
0 0.012109375 0.467578125 0.02421875 0.06484375
0 0.751294027190232 0.2288907981219995 0.00988845222957302 0.030188147748246585
0 0.7427165206955069 0.1847198947443694 0.008670159654926124 0.02388808297342191
0 0.7225623758331793 0.16151233343945987 0.0062335745056321555 0.011287953423772557
0 0.7173832029367014 0.16884397208840785 0.006233574505631978 0.011287953423772557
0 0.7105267335687416 0.15567274483665444 0.0062335745056321555 0.011287953423772734
0 0.751294027190232 0.2288907981219995 0.00988845222957302 0.030188147748246585
0 0.7427165206955069 0.1847198947443694 0.008670159654926124 0.02388808297342191
0 0.7225623758331793 0.16151233343945987 0.0062335745056321555 0.011287953423772557
0 0.7173832029367014 0.16884397208840785 0.006233574505631978 0.011287953423772557
0 0.7105267335687416 0.15567274483665444 0.0062335745056321555 0.011287953423772734
0 0.9375184273743905 0.9122913313584334 0.030730829953513707 0.05018976711886314