0 0.3150343002009544 0.052734375 0.03146885875746541 0.04296875
0 0.3520258071348087 0.041015625 0.009684124525034754 0.01328125
0 0.6578125 0.56484375 0.0109375 0.009375
0 0.67109375 0.564453125 0.0109375 0.01015625
0 0.694921875 0.5625 0.01015625 0.0140625
0 0.759864929617812 0.4453125 0.004160823138263936 0.0109375
0 0.359765625 0.992578125 0.00859375 0.01484375
0 0.6305748602792703 0.828125 0.02674499116628475 0.04140625
0 0.6911408988904336 0.776953125 0.02460126291777769 0.05
0 0.7467840279744962 0.685546875 0.009121080072118027 0.02265625
0 0.751171875 0.57421875 0.01953125 0.009375