0 0.0965055112740643 0.42715840870784294 0.00867704998588259 0.015207623035529316
0 0.0965055112740643 0.42715840870784294 0.00867704998588259 0.015207623035529316
0 0.9580314218609365 0.35701928691291335 0.01033055524755433 0.01684289764263518
0 0.9427931942230419 0.364387657983972 0.008259821032569902 0.021421235731976296
0 0.9377266271367258 0.34464771950173656 0.00867704998588259 0.015207623035529139
0 0.931025817978211 0.2901239623677248 0.00559755261671846 0.01584332382131759
0 0.9258563232045894 0.3291415167514776 0.01193085260260105 0.030941784946188024
0 0.9580314218609365 0.35701928691291335 0.01033055524755433 0.01684289764263518
0 0.9427931942230419 0.364387657983972 0.008259821032569902 0.021421235731976296
0 0.9377266271367258 0.34464771950173656 0.00867704998588259 0.015207623035529139
0 0.931025817978211 0.2901239623677248 0.00559755261671846 0.01584332382131759
0 0.9258563232045894 0.3291415167514776 0.01193085260260105 0.030941784946188024
0 0.2695338521084909 0.6156461931373024 0.01147582629424182 0.023129284946188024
0 0.2695338521084909 0.6156461931373024 0.01147582629424182 0.023129284946188024
0 0.9463396403261989 0.9511031769048082 0.012348081555913737 0.024728172249740867
0 0.9340555955666947 0.9755680797169843 0.012439086817585477 0.02629067224974104