0 0.38835120547455926 0.33427884128243546 0.04441955075860449 0.027589189695149584
0 0.3987706636548786 0.2945146319243822 0.028427888939893543 0.013440331283893414
0 0.3189397069120282 0.28272744379086145 0.04162939060688355 0.022106804156530303
0 0.9123546736568183 0.2871157432625047 0.04494570924333523 0.024468734874689348
0 0.815440057366221 0.21432060484611704 0.025621753333980025 0.017328400565734016
0 0.9202869895632642 0.21688278390445143 0.015545251666990011 0.008680108411256349
0 0.9150972942598224 0.20592028541698237 0.013855205909355383 0.007108518052176649
0 0.3640625 0.596484375 0.0859375 0.01328125
0 0.941922744564234 0.825676521804203 0.03480543469752817 0.015039192720211859
0 0.9385188188056297 0.7983259540348933 0.010602660151720756 0.005527837334017604
0 0.9367411014568656 0.7908972612655836 0.013855205909355383 0.007108518052176649