0 0.637109375 0.533203125 0.076953125 0.028515625
0 0.644921875 0.5 0.075 0.03046875
0 0.744921875 0.4875 0.083203125 0.0203125
0 0.859765625 0.52421875 0.040625 0.017578125
0 0.617578125 0.4703125 0.016796875 0.00546875
0 0.5921875 0.48984375 0.017578125 0.00546875
0 0.731640625 0.469140625 0.023046875 0.008203125
0 0.637109375 0.533203125 0.076953125 0.028515625
0 0.644921875 0.5 0.075 0.03046875
0 0.744921875 0.4875 0.083203125 0.0203125
0 0.859765625 0.52421875 0.040625 0.017578125
0 0.617578125 0.4703125 0.016796875 0.00546875
0 0.5921875 0.48984375 0.017578125 0.00546875
0 0.731640625 0.469140625 0.023046875 0.008203125