0 0.0946576443328663 0.16236356848552042 0.014773129445670108 0.03234037452503476
0 0.6737544470617346 0.24352264950756902 0.020969625516728742 0.048092661094166635
0 0.7111345727856057 0.21488817662585027 0.010211907981717516 0.018186955547083362
0 0.4631969754930834 0.712082699469444 0.01811645326698752 0.037100609707395905
0 0.47449942555500063 0.7364556851267705 0.01818922787409356 0.03866310970739591
0 0.4852346413326837 0.698274119397326 0.01384633023145838 0.0291971907294446
0 0.5191269710474133 0.6787149404935586 0.011648129445670109 0.032267639342673606
0 0.527002610315437 0.6714927606398607 0.007795383374611475 0.01656990416031263
0 0.670703125 0.987890625 0.01953125 0.02421875
0 0.6556026256191725 0.821058635782031 0.018262002481199247 0.04022560970739582
0 0.6519489326912671 0.7929881871688018 0.010211907981717339 0.018186955547083362
0 0.6964042349034069 0.8826767216959024 0.013336907981717338 0.018259690729444424
0 0.7155716118678775 0.8744096268061454 0.014355752481199247 0.04013469072944442
0 0.6993001987166191 0.8524985858201559 0.009285108767505611 0.015043771751493028