0 0.27267827911198095 0.07835710409525731 0.031090503333980023 0.017705697240056394
0 0.8150811253986989 0.05637103286949827 0.028427888939893543 0.013758536931630871
0 0.3927994604755291 0.5829333301492698 0.026865388939893542 0.013731263392680581
0 0.32466348395832034 0.5271344334370435 0.031154276212797073 0.018486947240056395
0 0.976171875 0.636328125 0.04765625 0.02265625
0 0.9216263489563807 0.5912837980889029 0.012228933030538158 0.006454551542127618
0 0.9267842222893907 0.5827923238599666 0.015353933030538159 0.006509098620028198
0 0.8714191193347129 0.5783153066119671 0.013791433030538158 0.0064818250810779075
0 0.8998789591829922 0.5733511170825485 0.024920251666990013 0.009016489853730292
0 0.976171875 0.636328125 0.04765625 0.02265625
0 0.9216263489563807 0.5912837980889029 0.012228933030538158 0.006454551542127618
0 0.9267842222893907 0.5827923238599666 0.015353933030538159 0.006509098620028198
0 0.8714191193347129 0.5783153066119671 0.013791433030538158 0.0064818250810779075
0 0.8998789591829922 0.5733511170825485 0.024920251666990013 0.009016489853730292