0 0.07130184772833807 0.11274723823932539 0.011201129336408933 0.023229460085908114
0 0.041369173396701694 0.12367091050307763 0.01587953866963616 0.02269387155129756
0 0.0509348037277018 0.10699520522263857 0.007185791335136216 0.013649742198083814
0 0.010827698062519885 0.11582411097804748 0.01673351400381797 0.028984815128862352
0 0.010945329388111168 0.05883380455561227 0.02068521733768165 0.033095783016686656
0 0.8235760493714073 0.11005766847433587 0.0562141846753633 0.06696949400710617
0 0.7715601107176795 0.20258600519992429 0.019867604670590743 0.029929839439121864
0 0.7444842617162477 0.19062657677393607 0.0223840773392725 0.0448964201718165
0 0.7413686260542475 0.22481733067489412 0.013517607336090798 0.021008540818602837
0 0.6741084007200657 0.5220541788204434 0.02224771733768165 0.03317767017181659
0 0.633738486732156 0.6089466692095049 0.014298857336090797 0.021049484396167807