0 0.35095299643486066 0.06508580770557755 0.02285169272021186 0.035575915033009234
0 0.37102005673971095 0.024675421183447854 0.021348280054229462 0.04559546399625001
0 0.359375 0.009375 0.0171875 0.01875
0 0.343359375 0.0125 0.01640625 0.025
0 0.320703125 0.009765625 0.02109375 0.01953125
0 0.24573702478016718 0.2335245122059481 0.00947953912941557 0.01878895622055552
0 0.22775009406200794 0.22882745028321666 0.007898858411256348 0.015527255183796208
0 0.20959726429064568 0.19561476336048517 0.006309087334017605 0.010703054147036895
0 0.233654920857406 0.23715257917106386 0.008680108411256349 0.015595605702175951
0 0.8570148923648058 0.2387772316688183 0.02842952702916719 0.05480436866166656
0 0.457421875 0.8484375 0.00390625 0.0140625
0 0.581876003948418 0.7022010264613878 0.02766645774732641 0.057861018143286994
0 0.5652384706727348 0.795228565057036 0.033148843285945875 0.060683221771944316
0 0.5534270653730159 0.912494331762962 0.040316448672140126 0.08473587643736095