0 0.12261063007238304 0.008850045964994635 0.015788632001908987 0.015246491701630305
0 0.12261063007238304 0.008850045964994635 0.015788632001908987 0.015246491701630305
0 0.9270708634030649 0.4018467198297742 0.02122101933481808 0.012535888797200911
0 0.8851558097350196 0.3885232920279133 0.02278351933481808 0.012654287967363943
0 0.8815401874005196 0.3796631438950465 0.018068747334499945 0.00995534045687485
0 0.8387893397318379 0.3615930165081041 0.018059656667727176 0.00917409045687485
0 0.8174367794000424 0.3712931529183626 0.010238066000954404 0.0078008446060596984
0 0.9270708634030649 0.4018467198297742 0.02122101933481808 0.012535888797200911
0 0.8851558097350196 0.3885232920279133 0.02278351933481808 0.012654287967363943
0 0.8815401874005196 0.3796631438950465 0.018068747334499945 0.00995534045687485
0 0.8387893397318379 0.3615930165081041 0.018059656667727176 0.00917409045687485
0 0.8174367794000424 0.3712931529183626 0.010238066000954404 0.0078008446060596984
0 0.224609375 0.997265625 0.03359375 0.00546875
0 0.2084887670671333 0.9574252734568278 0.013372156667727175 0.00881889294638576
0 0.20733934506283802 0.9257254488717462 0.013353975334181811 0.007256392946385759
0 0.224609375 0.997265625 0.03359375 0.00546875
0 0.2084887670671333 0.9574252734568278 0.013372156667727175 0.00881889294638576
0 0.20733934506283802 0.9257254488717462 0.013353975334181811 0.007256392946385759
0 0.8958251350652244 0.8462025083099807 0.036164766669318026 0.022254430913749523