0 0.06213931658246574 0.11669136548293224 0.06348192496187507 0.042551114363184796
0 0.8495298872037331 0.10116538904515604 0.03165004350298606 0.01736930718159222
0 0.6369386416205908 0.07922824780009793 0.061864873575104264 0.0401982740041051
0 0.8495298872037331 0.10116538904515604 0.03165004350298606 0.01736930718159222
0 0.6369386416205908 0.07922824780009793 0.061864873575104264 0.0401982740041051
0 0.39201480698944485 0.791771427005726 0.03066877175149294 0.008771012002052459
0 0.37543581093133715 0.7842541032353901 0.03455683795590279 0.008012487899751619
0 0.33836280352251774 0.7856007072072492 0.02754377175149312 0.008752831283893415
0 0.3088389576828302 0.7924592403847365 0.012590918977951393 0.003978972872636888
0 0.3211662116247226 0.7851100882573734 0.0157704703647223 0.00634090359079611
0 0.39201480698944485 0.791771427005726 0.03066877175149294 0.008771012002052459
0 0.37543581093133715 0.7842541032353901 0.03455683795590279 0.008012487899751619
0 0.33836280352251774 0.7856007072072492 0.02754377175149312 0.008752831283893415
0 0.3088389576828302 0.7924592403847365 0.012590918977951393 0.003978972872636888
0 0.3211662116247226 0.7851100882573734 0.0157704703647223 0.00634090359079611