0 0.1848753616555939 0.134375 0.009544980721668494 0.01484375
0 0.1848753616555939 0.134375 0.009544980721668494 0.01484375
0 0.8991094956764508 0.343359375 0.018639378469915258 0.02265625
0 0.8991094956764508 0.343359375 0.018639378469915258 0.02265625
0 0.07666054711148185 0.89296875 0.04004281153562221 0.0640625
0 0.15299310841639135 0.87109375 0.01317062846991508 0.02265625
0 0.1721191930094145 0.846484375 0.011507998920265905 0.02109375
0 0.1831370361618693 0.835546875 0.009645110271317847 0.01640625
0 0.16283847778700783 0.890625 0.007782221622369789 0.01171875
0 0.07666054711148185 0.89296875 0.04004281153562221 0.0640625
0 0.15299310841639135 0.87109375 0.01317062846991508 0.02265625
0 0.1721191930094145 0.846484375 0.011507998920265905 0.02109375
0 0.1831370361618693 0.835546875 0.009645110271317847 0.01640625
0 0.16283847778700783 0.890625 0.007782221622369789 0.01171875