0 0.16706885865119664 0.24245759104477385 0.015847834486680413 0.0058324259118055725
0 0.4096204673395742 0.6539146356398607 0.057173171444818746 0.023965483282499988
0 0.2532112998490882 0.6614576447579165 0.05739600593149907 0.02943423328249999
0 0.3013437230239274 0.6295072420224997 0.027789418973360736 0.01157393284565984
0 0.42548155998206577 0.6094467023192356 0.03576108646384668 0.015662020801562447
0 0.4573609362177947 0.6028508835978295 0.015193918479069169 0.00893924211621524
0 0.4643517296968639 0.5941025713353121 0.020567167984777514 0.006722778685347208
0 0.43106039792878725 0.587462599545694 0.02528650148287479 0.007613131458888844
0 0.4540668164078564 0.5783415194735759 0.016692751482874614 0.007413109707395904
0 0.42803819214929373 0.5754350516258503 0.014317167984777512 0.006577308320624908
0 0.3784288171492937 0.576589722645833 0.014285334486680411 0.005796058320624908
0 0.7140665575106079 0.6690028870647564 0.03263608646384668 0.015589285619201476
0 0.6540336536131405 0.6099107157119787 0.012595500494291655 0.0026346907294444223
0 0.6703444031188489 0.6118726060045828 0.009534167490485856 0.004124455547083272