0 0.10722250077519231 0.5525933023851295 0.004406897748246763 0.008085651609154355
0 0.59140625 0.125390625 0.04375 0.07421875
0 0.5875 0.371875 0.0359375 0.0765625
0 0.5914083324381675 0.43550453734042954 0.01435239666851249 0.029780335149293968
0 0.6231642261766319 0.4420412555354951 0.016315414867109725 0.0361395957929556
0 0.6375241209163887 0.28531047230556494 0.02707244216500566 0.04622478997675685
0 0.6557350979374293 0.38075401228232175 0.01633520126430419 0.048584965471124696
0 0.66708885410668 0.41176085275344654 0.008332934145441229 0.0208041728964778
0 0.6734290904577319 0.4169127104890089 0.006570175046142523 0.017569912252816167
0 0.6820821996493157 0.3798497530636558 0.016415544416759076 0.0377020957929556
0 0.6933887419066064 0.3013805456383028 0.01097707279438911 0.02565556386197034