0 0.08364439373217625 0.16905073888517402 0.009824059330833279 0.01426252175149303
0 0.08936671343060212 0.13943597406753516 0.010507564514629664 0.022075021751493073
0 0.09567036680006966 0.13449422753446222 0.0066990593308332794 0.014189786569131968
0 0.10088997379819471 0.12404736341020879 0.007753711404351904 0.01733297036472221
0 0.11837991590472238 0.0986206974242192 0.025399832657916475 0.04970971248093754
0 0.07464018635708358 0.14222457384911502 0.007206907257314832 0.011082970364722212
0 0.18606198374155128 0.6944978749030908 0.030116726955740702 0.04124324905006951
0 0.1845428666586578 0.6447521214361637 0.019892126437360956 0.04022560970739582
0 0.2113100639489817 0.6117129772016672 0.0202632733270832 0.03555629350298615
0 0.10868919370854205 0.715399388628629 0.014618866069768543 0.024509690729444422
0 0.5574859775678713 0.6108037874221532 0.03448159820930545 0.07331086664125