0 0.16983841107093411 0.31003732069641055 0.041648589439121864 0.022372026735204997
0 0.25336908469145314 0.30960544997139794 0.03692014586155708 0.021262994804219913
0 0.24962328697544534 0.29130891804041276 0.029148589439121863 0.021497941585911208
0 0.21715548535847945 0.2674754392016855 0.021626016508343327 0.011631268689433405
0 0.22893398971169301 0.259673828868233 0.01837818577564878 0.009068997402109957
0 0.20302824796586466 0.252765588086899 0.024751016508343326 0.011849789976756852
0 0.10263430093959736 0.23084721140980163 0.016979460085908293 0.012084736758448145
0 0.959072990446862 0.4783640266967678 0.02454297659425162 0.022732659654926123
0 0.9796875 0.46328125 0.040625 0.034375
0 0.9921875 0.400390625 0.015625 0.02734375
0 0.9422323894742082 0.37329143752458804 0.04431988805964089 0.028785917700697716
0 0.546376577624706 0.9513064489245545 0.04275738805964089 0.028676657057036082
0 0.49831641451963665 0.8883531628446327 0.051228307326946346 0.026933840597175518
0 0.23027628307448725 0.8260916964911524 0.04004514586155707 0.021481516091543362
0 0.25600994544438765 0.7988789864679093 0.02795790366347308 0.013630811264080478
0 0.40971479958283064 0.8284457901904212 0.023106629353213747 0.010178029333095218
0 0.2918484085267428 0.8182434865939602 0.024461089439121862 0.021170159654926125