0 0.0109375 0.61953125 0.021875 0.0375
0 0.04452430017890281 0.5813429476031875 0.028821333465237055 0.05173611479078986
0 0.11216944708437086 0.5364458652541261 0.023747388558944316 0.03829117368379755
0 0.14314966828387599 0.5178037480586745 0.012909176959604095 0.014499009618646853
0 0.0897059026133606 0.3830902141193334 0.008403533386094786 0.020585318511654193
0 0.633203125 0.548828125 0.04765625 0.09140625
0 0.640234375 0.39921875 0.06171875 0.0921875
0 0.63828125 0.192578125 0.0578125 0.08828125
0 0.212109375 0.987890625 0.03359375 0.02421875
0 0.79140625 0.703125 0.01875 0.046875
0 0.8075733922217729 0.7660230098079059 0.034980405251991795 0.04882936960011328