0 0.4593550257403436 0.23239958859804855 0.005196835969555202 0.01255454400063627
0 0.2209703342767156 0.7276583656110935 0.03231509288963732 0.04566703600413611
0 0.2183506823564146 0.7976438752785026 0.03668159931542796 0.07617214867122701
0 0.25625 0.994140625 0.0125 0.01171875
0 0.29092666655767435 0.919513782602662 0.013677839429596262 0.02905170066836362
0 0.27291350695726335 0.7555830972708665 0.018987421939110405 0.025209085335772662
0 0.2959444652082147 0.7549242976010712 0.02081917737631773 0.05099942600254544
0 0.28953860355408756 0.8183100902689574 0.016276257414373774 0.035328972668681756
0 0.6057259721468874 0.7570458736075937 0.03231509288963732 0.04566703600413611
0 0.6286037273369491 0.7814007099379574 0.015798754942915848 0.023610222668681756
0 0.6503573577741565 0.8069410572684802 0.01211533942959626 0.02903351933481808