0 0.3836595810495334 0.5285160057487008 0.031353542826748536 0.07998749200349983
0 0.28430443723404925 0.46959444440242865 0.01457595222957302 0.029832950668363622
0 0.268780849108713 0.364811492401315 0.01545003737886681 0.04233295066836362
0 0.2352445883390005 0.3261711610637925 0.008107430942249572 0.026635225334181813
0 0.3836595810495334 0.5285160057487008 0.031353542826748536 0.07998749200349983
0 0.28430443723404925 0.46959444440242865 0.01457595222957302 0.029832950668363622
0 0.268780849108713 0.364811492401315 0.01545003737886681 0.04233295066836362
0 0.2352445883390005 0.3261711610637925 0.008107430942249572 0.026635225334181813
0 0.9819914072707002 0.23296150839431534 0.0062171490112643115 0.02192954400063627
0 0.26905327276149543 0.9680188557447236 0.016701180942249393 0.02673522266868176
0 0.19745197033792872 0.803646999403224 0.008795845792955604 0.014153406667727353
0 0.1776066869819477 0.7710205844008378 0.008468063861970344 0.009465906667727175
0 0.26905327276149543 0.9680188557447236 0.016701180942249393 0.02673522266868176
0 0.19745197033792872 0.803646999403224 0.008795845792955604 0.014153406667727353
0 0.1776066869819477 0.7710205844008378 0.008468063861970344 0.009465906667727175
0 0.997265625 0.76953125 0.00546875 0.028125
0 0.974602747237622 0.7749637444103828 0.016373399011264313 0.022047722668681758
0 0.981120363018956 0.8011901634110192 0.012248627723940687 0.01887726933481808
0 0.9514055478580407 0.8004540930736557 0.011685899011264312 0.0219931786680454