0 0.22339593255205922 0.15975658614975732 0.03683825870642732 0.01802395459715278
0 0.21094019815589143 0.14542132921590314 0.039141065128862354 0.0172972559839236
0 0.15683255229433443 0.1254348311157642 0.04863889586155708 0.01985921153100705
0 0.12015474587189931 0.1253614427230211 0.01525318577564878 0.00815799211621524
0 0.22339593255205922 0.15975658614975732 0.03683825870642732 0.01802395459715278
0 0.21094019815589143 0.14542132921590314 0.039141065128862354 0.0172972559839236
0 0.15683255229433443 0.1254348311157642 0.04863889586155708 0.01985921153100705
0 0.12015474587189931 0.1253614427230211 0.01525318577564878 0.00815799211621524
0 0.6149288749421995 0.3598751074262852 0.06261618668015992 0.033449586056041626
0 0.29272412567736855 0.6730199789593581 0.012087242198083815 0.007304006933854268
0 0.6600261513443948 0.7996737245425004 0.08210649310259513 0.03312293094579868
0 0.6034961903539754 0.763244608851181 0.016856629353213748 0.008975609707395905