0 0.44668450257378944 0.13305143317365697 0.05699179757185977 0.05525074400710608
0 0.4248118510827214 0.21249659373453503 0.025605405251991797 0.04892550090451113
0 0.2935038466949771 0.16727540733728857 0.005741534639736123 0.009661605042954057
0 0.3059296388565606 0.22426239173345638 0.006568248746358663 0.011265048620519025
0 0.44668450257378944 0.13305143317365697 0.05699179757185977 0.05525074400710608
0 0.4248118510827214 0.21249659373453503 0.025605405251991797 0.04892550090451113
0 0.2935038466949771 0.16727540733728857 0.005741534639736123 0.009661605042954057
0 0.3059296388565606 0.22426239173345638 0.006568248746358663 0.011265048620519025
0 0.9431754061764286 0.4586102758921392 0.008630853919208193 0.02853443577564878
0 0.9444143030818968 0.4160321508921392 0.00596885517284953 0.017474105042954234
0 0.9506062986941524 0.3780170341463108 0.005741534639735946 0.009661605042954236
0 0.9446260774946472 0.3953085541033568 0.005832462852981379 0.012786605042954235
0 0.14285180308189666 0.7108433618825586 0.016738870612255673 0.039100121551297565
0 0.11688738199478728 0.9309135224434367 0.012696228292387701 0.03420790366347308
0 0.14285180308189666 0.7108433618825586 0.016738870612255673 0.039100121551297565
0 0.11688738199478728 0.9309135224434367 0.012696228292387701 0.03420790366347308
0 0.8028740092709604 0.8535764164959714 0.005877926959604096 0.014349105042954235