0 0.3596798874781788 0.38143534129215695 0.02997441348570078 0.023966192927905538
0 0.2610110012682911 0.3172390235713939 0.018670251666989924 0.009430657981717517
0 0.048615035127475045 0.426155893299409 0.05846607530441159 0.039302248552257876
0 0.3611145193756595 0.2870036178637336 0.020424070303441864 0.011847182588823202
0 0.32421243846630415 0.2923428582485224 0.028172797424624463 0.011429805624352519
0 0.3596798874781788 0.38143534129215695 0.02997441348570078 0.023966192927905538
0 0.2610110012682911 0.3172390235713939 0.018670251666989924 0.009430657981717517
0 0.048615035127475045 0.426155893299409 0.05846607530441159 0.039302248552257876
0 0.3611145193756595 0.2870036178637336 0.020424070303441864 0.011847182588823202
0 0.32421243846630415 0.2923428582485224 0.028172797424624463 0.011429805624352519
0 0.60703125 0.60078125 0.0296875 0.0171875
0 0.9609375 0.555078125 0.078125 0.05078125
0 0.18411372588898894 0.6912939728069963 0.025175343182259002 0.012846756410140792
0 0.6247865877825903 0.895768592016028 0.031090503333979846 0.018570217535011223