0 0.4678466272354087 0.344303036024726 0.010374438311602674 0.012795516693047303
0 0.4517062942401745 0.3285912879051878 0.013608532467404188 0.019136444906292738
0 0.45434718892380593 0.35641659111843327 0.008798301542127619 0.011968802586424765
0 0.4678466272354087 0.344303036024726 0.010374438311602674 0.012795516693047303
0 0.4517062942401745 0.3285912879051878 0.013608532467404188 0.019136444906292738
0 0.45434718892380593 0.35641659111843327 0.008798301542127619 0.011968802586424765
0 0.6793647798331965 0.43285105898597964 0.017787517856907444 0.03487510517284953
0 0.1497964620590146 0.8816559350085116 0.02081706047058134 0.029497283386094964
0 0.05703403795087132 0.732788874504528 0.011210235389503432 0.015943248746358663
0 0.032908768267239895 0.7043384398252208 0.009565914772652385 0.011210284639736123
0 0.1497964620590146 0.8816559350085116 0.02081706047058134 0.029497283386094964
0 0.05703403795087132 0.732788874504528 0.011210235389503432 0.015943248746358663
0 0.032908768267239895 0.7043384398252208 0.009565914772652385 0.011210284639736123
0 0.9731255523578494 0.802795666039291 0.0056733015421276175 0.011877874373179508