0 0.31981141275814196 0.11229631847797536 0.04524041802802081 0.03228325939154022
0 0.8219476821348086 0.14963977477035098 0.04026197729857639 0.019592258402957086
0 0.6379262863332461 0.1773310694665585 0.02073072729857639 0.018796420950527092
0 0.021875 0.976171875 0.04375 0.04765625
0 0.13432785443751688 0.928731743382835 0.07044043977951393 0.04189568133065045
0 0.17256429815892319 0.8986191262915005 0.031631859707395904 0.017679589923887917
0 0.17440864699057243 0.8865734182876949 0.0245096907294446 0.01348683844101295
0 0.11986661735529473 0.8780950734208911 0.052998366641249996 0.03025784437251211
0 0.021265463194982192 0.8811153026606446 0.028488675911805574 0.01677100593149916
0 0.020775153924426703 0.8685834691625474 0.0142079703647223 0.006823002965749581
0 0.49046875166397524 0.6778165477177287 0.030214830072118025 0.02386592292769336
0 0.5524700037060065 0.6345964355693099 0.03797277868534721 0.02184050790866543
0 0.6722834291428468 0.6105447940291323 0.019022756933854267 0.012482753954332714