0 0.1472653441876946 0.09377227016369041 0.04153428213245362 0.033142139784752264
0 0.15156522502693584 0.06665540229770225 0.01909098079967002 0.012592045285270359
0 0.18498848462710082 0.07095012324492629 0.019826766693047483 0.011065932588823203
0 0.18983393474581423 0.02508325537893814 0.010315374373179332 0.005941784946188022
0 0.1472653441876946 0.09377227016369041 0.04153428213245362 0.033142139784752264
0 0.15156522502693584 0.06665540229770225 0.01909098079967002 0.012592045285270359
0 0.18498848462710082 0.07095012324492629 0.019826766693047483 0.011065932588823203
0 0.18983393474581423 0.02508325537893814 0.010315374373179332 0.005941784946188022
0 0.6930324852539215 0.29651843455554855 0.03730978338609496 0.022022703266987697
0 0.6930324852539215 0.29651843455554855 0.03730978338609496 0.022022703266987697
0 0.32432729203023475 0.6485378720043266 0.05979854882550093 0.04413529776646961
0 0.9 0.526953125 0.0421875 0.01484375