0 0.18881289263796752 0.04427098004796122 0.00789106512886235 0.016733735731976295
0 0.18881289263796752 0.04427098004796122 0.00789106512886235 0.016733735731976295
0 0.5724409842825965 0.141187752483454 0.05051565637700648 0.08652185090962279
0 0.7083474646642348 0.36588911487031484 0.007972952283992108 0.018296235731976297
0 0.7127173821225179 0.31478037913833845 0.008095783016686831 0.020639985731976295
0 0.2982338192549333 0.7483185290550305 0.01874335594746519 0.030488020678164494
0 0.549609375 0.77734375 0.03984375 0.09375
0 0.541796875 0.848046875 0.02421875 0.04609375
0 0.567558732473574 0.6275939793240901 0.03871834124814413 0.06960617865988179
0 0.549609375 0.77734375 0.03984375 0.09375
0 0.541796875 0.848046875 0.02421875 0.04609375
0 0.567558732473574 0.6275939793240901 0.03871834124814413 0.06960617865988179