0 0.8842104399069362 0.2773043899145481 0.06725168200986324 0.0742018726251736
0 0.8546875 0.036328125 0.04375 0.07265625
0 0.8105743135940715 0.12827787618901 0.027098849339590635 0.04671199905006951
0 0.7827453076066391 0.03637255162585022 0.016179530673136 0.048019925911805574
0 0.76796875 0.008984375 0.009375 0.01796875
0 0.760546875 0.005859375 0.00703125 0.01171875
0 0.7565279792727755 0.04088795877812466 0.016833511338317918 0.037100609707395905
0 0.7536521515953443 0.1202302932671003 0.010456242003499839 0.026017639342673603
0 0.01796875 0.82890625 0.0359375 0.1890625
0 0.5490499182447769 0.8563395595096349 0.045622130012726816 0.0947864763486459
0 0.6101235045751405 0.8767871315557981 0.033585206675681434 0.06716996941479163
0 0.5666160492719801 0.6555943504956245 0.028852253341817756 0.06315461664125017
0 0.5343987142743665 0.6387708530126212 0.02816191000954511 0.07094893284565984