0 0.4982350669956851 0.27155035756845536 0.06848772840327406 0.0710405050339931
0 0.47900424977488704 0.23551252008751788 0.02638875961093845 0.041969947663298514
0 0.5157196777486197 0.22150522468467065 0.02001925090451113 0.02465516109416672
0 0.541315020636444 0.21818994804135466 0.038145131162236015 0.05784952080156245
0 0.5064625254419133 0.1966503684442019 0.021991186680159914 0.03250402868534721
0 0.53336640179868 0.16090412490309078 0.012783283016686653 0.020585256933854178
0 0.425413381672292 0.26555329768076436 0.015372694482076099 0.02532730832062491
0 0.44346401882742176 0.26440902497934077 0.013728307326946344 0.0237284407294446
0 0.3976618569097769 0.28016033173289967 0.013769250904511133 0.024509690729444422
0 0.3914965264599958 0.38287652293730934 0.024249727498762752 0.04582164627652787
0 0.3768729830972015 0.3559412551277088 0.009535452283992107 0.01816877175149294
0 0.3596567062427507 0.3187770021357469 0.005137879353213748 0.008702852773541636
0 0.9515813950148463 0.42836274881099 0.032758268317365766 0.05928473423243048
0 0.99375 0.253125 0.0125 0.0328125
0 0.2113480992772029 0.567615525454306 0.012701395861557075 0.01902275693385418