0 0.0234375 0.1046875 0.046875 0.0328125
0 0.00625 0.722265625 0.0125 0.02890625
0 0.6296706009184724 0.7033121692501632 0.055540527594401645 0.046766984731435104
0 0.5538718678275618 0.6948103203105565 0.038257939212119396 0.02352497436384251
0 0.5815775656504009 0.6415537544999779 0.03255239087179333 0.01992152073518518
0 0.5967886298625201 0.6200451204283344 0.02444389294638576 0.015331765551388798
0 0.5587383505058761 0.615225346088126 0.04030569128671182 0.01982377591898139
0 0.5929478684522618 0.5990391990569919 0.020360044191141215 0.012646262959490784
0 0.5616803853613512 0.5866413705697463 0.029853443361304244 0.015028969180046304
0 0.6053474136806992 0.5890295662812972 0.036162642946385756 0.0163570233270832
0 0.49411437706298145 0.5770312161871536 0.018679145020978182 0.010947061922731472