0 0.28941039530117685 0.20123780276323888 0.009488629488495093 0.019694891233702095
0 0.2800061120745916 0.1392988873816785 0.0063227228726368875 0.012609094155801515
0 0.3100953395830176 0.20400142837214688 0.006290906615858205 0.007140344155801515
0 0.31517119199324767 0.2043034143705583 0.005536927693097127 0.011814207386326103
0 0.678184797281246 0.17378189164238678 0.018127831283893413 0.027657395697928865
0 0.6878163394848217 0.1966583070239471 0.012618174668035031 0.020530688311602673
0 0.6455291059753694 0.14740151096034387 0.013431240924813714 0.02601307508107791
0 0.7322147375164729 0.4872599876249121 0.021266466822512698 0.030055692775829534
0 0.7995822929891425 0.3208664872195227 0.00869828912941557 0.01811875446422686
0 0.8162496303722581 0.3428389216758065 0.007889768052176649 0.013417617694751627
0 0.22206660748790058 0.8099415340939048 0.06865507211051103 0.11915514894433983
0 0.270703125 0.971875 0.04609375 0.05625
0 0.6507521558397962 0.817202632105025 0.024459644515609825 0.04182898985373029
0 0.7860669662428423 0.9218610842163454 0.008680108411256349 0.01499375446422686