0 0.4397572815881855 0.44777056544896066 0.03798180533895419 0.04315284057054054
0 0.41018768658500376 0.4725725893321955 0.04098862667090888 0.033142139784752264
0 0.3290558652530492 0.4662006189017001 0.06846873667249972 0.04613444540910479
0 0.395862104591049 0.42873269809970116 0.05423351400381797 0.030635723945152193
0 0.42699874492761697 0.40346727460936044 0.04255112667090888 0.03321491439185813
0 0.3734694839274578 0.40713167990273613 0.019649428668045487 0.011065932588823203
0 0.37679902392984416 0.3894080056885244 0.011791475334181812 0.006795809553294063
0 0.4290112329328668 0.36472262500225466 0.014925566000954404 0.0077226087675057896
0 0.44521321660170754 0.3479610602794196 0.014916475334181811 0.00694135876750579
0 0.478515625 0.321484375 0.00234375 0.00390625
0 0.5227604119191855 0.24882472022560762 0.03860851400381797 0.02990797787409356
0 0.3075447655951852 0.9547504655727952 0.09420453333863606 0.04342897642635144
0 0.96796875 0.99765625 0.0375 0.0046875
0 0.9167879509269806 0.9915986672895969 0.024373291335136216 0.014409256410140792