0 0.3505758899786636 0.3954365626060225 0.027694436364518005 0.024337801088459086
0 0.38053439247914855 0.3835553660991433 0.05768482530441155 0.03862847958158007
0 0.40972742702689546 0.32346360348527164 0.04532834651623894 0.030406751814098597
0 0.3517633536189948 0.2897086350199509 0.0470821651526907 0.032805065516429366
0 0.8920537716466235 0.45052462784837477 0.03168043469752817 0.015907742195451748
0 0.9266519767224839 0.4489906542996536 0.03793043469752817 0.016125997004775173
0 0.2718128388456063 0.8764075542109111 0.029400457576345396 0.016607146641955416
0 0.12692297922296883 0.9093465232243858 0.04123077787978709 0.027926592558271325
0 0.619525067404258 0.6563157485447966 0.05345971091032524 0.03458582032575279
0 0.6971157922544767 0.6128001334799296 0.05132325500096986 0.027500006623422023
0 0.725950410586517 0.6482800484521294 0.049999871062046175 0.0399181610699257
0 0.8982161000554939 0.673490885336437 0.03837684484924893 0.02159474700477517
0 0.9162165430879717 0.6161421768062493 0.020296524545807236 0.010057046279135663
0 0.8227774197549618 0.6042609637408153 0.015545251666990011 0.00911210517214318
0 0.8957844205884566 0.6025013008992001 0.013918978788172609 0.008276291469812236
0 0.9208003960426495 0.6127766019876593 0.013918978788172609 0.008276291469812236