0 0.4046423565374798 0.3638966723208391 0.055782395697928776 0.01829145774732659
0 0.42171196692698326 0.348369393680945 0.05896194277582971 0.021434638465485635
0 0.4944091272354087 0.3464483453781472 0.06358125892845372 0.017555659542724554
0 0.5526483212290543 0.36710173384363287 0.022874438311602675 0.012631810206654492
0 0.4046423565374798 0.3638966723208391 0.055782395697928776 0.01829145774732659
0 0.42171196692698326 0.348369393680945 0.05896194277582971 0.021434638465485635
0 0.4944091272354087 0.3464483453781472 0.06358125892845372 0.017555659542724554
0 0.5526483212290543 0.36710173384363287 0.022874438311602675 0.012631810206654492
0 0.3645258711479764 0.7305574523750684 0.07053068831160267 0.01290906615858276
0 0.8057587972847144 0.7192114070973328 0.032372169236879245 0.01971760236113216
0 0.8057587972847144 0.7192114070973328 0.032372169236879245 0.01971760236113216