0 0.10018865868851537 0.27933213318651245 0.047106825081077906 0.016833225104890735
0 0.9875 0.226171875 0.025 0.04296875
0 0.9487636162783601 0.2210572305921108 0.02832955154212753 0.013849935062934549
0 0.9442377804421046 0.18980140289514064 0.03460682508107791 0.015886031743586493
0 0.99140625 0.154296875 0.0171875 0.01484375
0 0.9762378027632389 0.14446466949188022 0.02042159415580134 0.007789189212119396
0 0.9716662153037777 0.1381792420023693 0.017269320616851047 0.005989890871793335
0 0.9953125 0.127734375 0.009375 0.01640625
0 0.4379536885184166 0.8803397407529694 0.06685626339268076 0.03081321473192844
0 0.34571736993016045 0.8007249409627508 0.014157957386326104 0.006534342531467274
0 0.4004662353927987 0.793065345007045 0.014144320616851048 0.005753092531467274