0 0.030823480299370144 0.3484199772903606 0.01665178666048881 0.00837048045516262
0 0.574228739918017 0.42115623349927844 0.034139387023308564 0.018367233789142467
0 0.6289187125596889 0.3699203922135304 0.01821428666048881 0.008498026212797072
0 0.574228739918017 0.42115623349927844 0.034139387023308564 0.018367233789142467
0 0.6289187125596889 0.3699203922135304 0.01821428666048881 0.008498026212797072
0 0.050582908792490944 0.7309142575860437 0.035166173683797375 0.025462256667959694
0 0.24759679068999 0.6951913302450383 0.020530754809323426 0.007908094849248926
0 0.050582908792490944 0.7309142575860437 0.035166173683797375 0.025462256667959694
0 0.24759679068999 0.6951913302450383 0.020530754809323426 0.007908094849248926
0 0.763916233294595 0.9920902289573504 0.01829613221398514 0.010841776212797073
0 0.763916233294595 0.9920902289573504 0.01829613221398514 0.010841776212797073