0 0.3955605776376604 0.11255046821340389 0.020667036004136108 0.032245863477870354
0 0.3224674282901157 0.22352621590432964 0.008748291335136216 0.014033105702175952
0 0.36788310260186663 0.3783753845423622 0.010419879336408932 0.023544806738935088
0 0.3955605776376604 0.11255046821340389 0.020667036004136108 0.032245863477870354
0 0.3224674282901157 0.22352621590432964 0.008748291335136216 0.014033105702175952
0 0.36788310260186663 0.3783753845423622 0.010419879336408932 0.023544806738935088
0 0.0981810456317743 0.5142493149853482 0.014362492003499839 0.02701155933083328
0 0.84869729793923 0.7540302039579642 0.038063621339908774 0.051718324882222166
0 0.7798152095997984 0.8049327493161815 0.011146585335772485 0.018925657257314654
0 0.84869729793923 0.7540302039579642 0.038063621339908774 0.051718324882222166
0 0.7798152095997984 0.8049327493161815 0.011146585335772485 0.018925657257314654