0 0.38401547839749706 0.08540241193907097 0.007985222668681758 0.014934656667727175
0 0.5227012630688832 0.13224077560075304 0.011201129336408933 0.02278351933481808
0 0.11080606608049628 0.6942001545990031 0.011137494668999891 0.01731476933481808
0 0.7498822020806554 0.7911299722708665 0.012854536004136108 0.030614200668363623
0 0.7505177277410647 0.7450225862707074 0.011219310669954297 0.02434601933481808
0 0.7361097824037013 0.7154987182726165 0.007167610001590852 0.011800566000954405
0 0.7299188717377241 0.7206495686067982 0.007167610001590852 0.011800566000954405
0 0.7258353537356559 0.7054606469406618 0.007167610001590852 0.011800566000954582
0 0.7498822020806554 0.7911299722708665 0.012854536004136108 0.030614200668363623
0 0.7505177277410647 0.7450225862707074 0.011219310669954297 0.02434601933481808
0 0.7361097824037013 0.7154987182726165 0.007167610001590852 0.011800566000954405
0 0.7299188717377241 0.7206495686067982 0.007167610001590852 0.011800566000954405
0 0.7258353537356559 0.7054606469406618 0.007167610001590852 0.011800566000954582