0 0.1861685165443352 0.03871157696041294 0.022422963606069858 0.04685168921211931
0 0.22696366367024173 0.07376644957347053 0.023422537427387445 0.05159838879720082
0 0.19496766604899723 0.23422498650353818 0.05056938833701032 0.09958652551980922
0 0.19484456069370432 0.31208358837067135 0.026474762820281585 0.05027268713752679
0 0.18413927006124647 0.3747849592214865 0.04033820967712849 0.06377908008391256
0 0.23661683778200954 0.2676581595315142 0.025511576302517013 0.04630723755244546
0 0.24442293352209124 0.225417287643403 0.017007717535011225 0.030871491701630303
0 0.26003829818300905 0.23279744614923192 0.0076498341603997485 0.013814046265733636
0 0.26882152388548947 0.11107627280890586 0.007014133374611475 0.016879846680652122
0 0.278125 0.118359375 0.003125 0.01171875
0 0.7155937662347489 0.12323855838932732 0.005269696856846906 0.01285519751048909
0 0.7199826865200192 0.1042221602564605 0.006941358767505612 0.015317346680652122
0 0.4058966656347124 0.8630370707366357 0.03397904776646969 0.06096173340326052
0 0.46265608788445345 0.8478372006107667 0.009648981803034928 0.02330744543589667
0 0.4973735361890423 0.8880235701119357 0.010066358767505789 0.015554145020978183