0 0.35625 0.55546875 0.044140625 0.01484375
0 0.39921875 0.51796875 0.0484375 0.015625
0 0.55390625 0.56171875 0.0921875 0.03515625
0 0.631640625 0.567578125 0.046484375 0.018359375
0 0.692578125 0.583203125 0.057421875 0.03046875
0 0.595703125 0.523046875 0.041796875 0.018359375
0 0.5546875 0.512109375 0.028515625 0.012109375
0 0.565234375 0.497265625 0.012890625 0.00546875
0 0.444921875 0.479296875 0.016015625 0.0046875
0 0.455078125 0.468359375 0.011328125 0.0046875
0 0.466015625 0.459375 0.004296875 0.001953125
0 0.47421875 0.453125 0.005859375 0.001953125