0 0.25394136421796903 0.18448325857949932 0.00986596248093754 0.02153039764263518
0 0.7435289080537503 0.1609258843033703 0.044368902260451384 0.06215755169541115
0 0.7852862024582123 0.4629357443114756 0.04418706430454868 0.05434505169541097
0 0.7698141316947748 0.38495521649929937 0.02194838839274311 0.037701207195929065
0 0.8265456756727261 0.39149954600688674 0.018696101823611144 0.03208690798171752
0 0.850501087241858 0.39807810876525107 0.013826763867708359 0.024056084160399747
0 0.8433328055645489 0.3583338853368277 0.01809668977951393 0.039863020678164315
0 0.8681698046146185 0.3860243917469684 0.011392094889756876 0.020040672249741043
0 0.8700768169152608 0.3506048723094036 0.013954050436840327 0.02952483416039975
0 0.8812422675705213 0.3944372822555917 0.014880770801562448 0.03581122146395277
0 0.8582840253121358 0.27981933736321557 0.009793227298576391 0.018405397642635178
0 0.8257247920296358 0.2221138452210984 0.013063697663298512 0.024800946856846907
0 0.13129387951057322 0.6556123188566643 0.04805759992375016 0.0865218509096227
0 0.6165978861116324 0.9465733629013349 0.04402406335461819 0.08087116439185812
0 0.6182042125746532 0.864705855767323 0.026926829122187534 0.05041953101724665
0 0.745703125 0.99375 0.01171875 0.0125
0 0.7564422893220144 0.9866440529337561 0.005759690729444422 0.01275471112487061
0 0.7312049201637677 0.9249873651753919 0.008194359707395904 0.016770123035529317