0 0.27890625 0.3970208500174657 0.02734375 0.01001143284565984
0 0.764453125 0.537652982284115 0.05078125 0.01915069671336802
0 0.895703125 0.5500828599432817 0.0296875 0.030378484232430482
0 0.932421875 0.48023437333602476 0.01796875 0.009793227298576391
0 0.837890625 0.4725653840696011 0.015625 0.0058324259118055725
0 0.8328125 0.47791593939826427 0.0203125 0.007504028685347208
0 0.965625 0.46694468464861155 0.01796875 0.009793227298576568
0 0.487890625 0.8818325877168233 0.02734375 0.01157393284565984
0 0.830859375 0.8807967645785595 0.06796875 0.037519490216354257
0 0.88984375 0.8673258911456255 0.04296875 0.01818760875746541
0 0.99765625 0.8390625 0.0046875 0.0125