0 0.45849970693479036 0.45772702056945613 0.02513097717948316 0.04449839901126431
0 0.4501389421119043 0.009141873109238396 0.00905569128671182 0.016952553218308707
0 0.8009137338042457 0.3481768759592301 0.014808783818178916 0.03134283514929379
0 0.23084172260609098 0.6587976656838853 0.023154080083912554 0.03892038836760259
0 0.2196974853659956 0.6366521909940946 0.023272479254075586 0.0404828883676025
0 0.20856398090446077 0.6758976843733188 0.0178745842330974 0.030780106436617417
0 0.17403469293709692 0.7008484078902152 0.015708432988341948 0.032959965471124786
0 0.16605042187882263 0.7087892709476085 0.00983694128671182 0.017007183540139616
0 0.12777223172965338 0.8703850117289426 0.005338695435896668 0.008921531930985082
0 0.8539464132681027 0.6308529821437457 0.03483786390209147 0.07004470222957301
0 0.8328643186620432 0.6424296205113483 0.025320231328668008 0.03674052933309513
0 0.8162208090140272 0.6723465314652194 0.02734467261537965 0.053201409654925945
0 0.8005433597412956 0.6279818493500756 0.02632662427505359 0.05002177933309522