0 0.17329925881823752 0.34867318308473916 0.020774756667959693 0.03479322729857657
0 0.15783427123607313 0.17839705067591974 0.018558552425594323 0.036301175911805574
0 0.149001276237043 0.20443287381418357 0.010969321970431701 0.019749455547083274
0 0.14280699691978693 0.22923317866788154 0.012579619395056163 0.029923889342673603
0 0.14388353494644573 0.13214906501859333 0.0055165474246244624 0.010265352773541635
0 0.12903991388439967 0.09414057195244752 0.010698255000969681 0.025981271751493118
0 0.17389717790888212 0.34161465739135366 0.02544628121376711 0.04425914627652787
0 0.1579937034331163 0.18035017567591974 0.020774756667959693 0.03479322729857639
0 0.14916070843408616 0.20638599881418357 0.01382325500096986 0.02605400693385427
0 0.1419619740409696 0.22847011246347187 0.010698255000969858 0.02598127175149294
0 0.14352479638585436 0.13254878191638841 0.007206593182259091 0.0118642203647223
0 0.12897614100558236 0.09335932195244752 0.009534367728066151 0.021275587955902786
0 0.573046875 0.068359375 0.00703125 0.02734375
0 0.3260588219100885 0.889543337720017 0.006489116061076316 0.012627286569131969
0 0.93515625 0.98359375 0.0671875 0.0328125