0 0.3131192209420718 0.09812288363326065 0.03986143939369331 0.10689035009228505
0 0.31151635911528397 0.28575793876891964 0.0352182049975255 0.09257752621816184
0 0.3075171766189955 0.4218956978682183 0.02436259215265544 0.09343911937061655
0 0.7431890408764034 0.42963310070598126 0.015038501809022265 0.049238536397194464
0 0.2896894863765619 0.9717868726836482 0.02683913896415202 0.05155200801956461
0 0.2944832069779197 0.8952744374584729 0.03843173620519007 0.06475291486710973
0 0.3239538223669813 0.9387083108388715 0.014137743102594946 0.03205103639719446
0 0.3514148383094978 0.7288221711101894 0.011548331637205677 0.027213342072720435
0 0.42547313602550557 0.7515971394933569 0.009204581637205677 0.027063147748246762
0 0.8114626249442292 0.595118997143781 0.02149654172311415 0.03875161937061655
0 0.8613121387390391 0.6610234018318579 0.008877033016686653 0.020813147748246587
0 0.879596270636444 0.6935500535898868 0.013564533016686652 0.021113536397194467