0 0.4642960231368562 0.29180362665037524 0.04581706047058134 0.031016713606069855
0 0.6012474853927987 0.36864106968297916 0.035442622158978664 0.018043678659881834
0 0.7137094393291955 0.3312663290910479 0.05199887662320535 0.02740156203449331
0 0.8137776231765713 0.33201765394582294 0.023696598620028198 0.01593536910658777
0 0.9587179762608263 0.31531180510311463 0.018132391233702094 0.010211907981717339
0 0.49550204586338 0.6792254669113296 0.025190914772652385 0.012101893713693811
0 0.43042251664238673 0.6449189334128835 0.025163641233702093 0.010539393713693812
0 0.43387677617974846 0.6485983012788716 0.011814207386326103 0.006014559553294063
0 0.9097585276010831 0.8047958164779088 0.04184262662320535 0.026928527088305287
0 0.8264394900605442 0.8075611936495217 0.03792273985373029 0.025965340570540542
0 0.8287130791432105 0.7892927869084042 0.030877853084255058 0.024856604838564066
0 0.8588642293053663 0.7641130044434155 0.022093188311602674 0.013518844499482086
0 0.8460895168459054 0.7568719889347921 0.01814602800317715 0.01099315798171734
0 0.8712463396948698 0.7490520076484859 0.025231825081077908 0.014445643713693812
0 0.9698250487044013 0.7231498642443783 0.017419325081077908 0.014081770678164319