0 0.20584876492313242 0.31723646422975166 0.06943708423309758 0.032816808105551945
0 0.318359375 0.30234375 0.04296875 0.0390625
0 0.11492240060844452 0.29461342835255006 0.06361313672260849 0.027874596980681333
0 0.044921875 0.284765625 0.08984375 0.03984375
0 0.10958416648023786 0.27773522043275 0.04114614087179334 0.019043252481199424
0 0.14141450693711252 0.2583473655941858 0.05833364087179334 0.019843773159363743
0 0.051914299053661316 0.24772454280632558 0.030397895020978182 0.010757717535011225
0 0.011328125 0.2578125 0.02265625 0.0109375
0 0.362890625 0.939453125 0.04609375 0.01953125
0 0.3993041509207945 0.9202684577149125 0.02510674377622273 0.012846756410140792
0 0.422605768659721 0.9055595445636537 0.012914397095570606 0.006050946856846906
0 0.46524355455249233 0.8771049047789015 0.03652949585081515 0.009486315963434678