0 0.00390625 0.125390625 0.0078125 0.02734375
0 0.7818639770948699 0.11648876102550565 0.015434035317460371 0.03428979081860284
0 0.8424096545311933 0.17445785165205216 0.010145758019564433 0.024669129353213658
0 0.8504066756598387 0.21362437160909806 0.011708258019564433 0.024751016508343326
0 0.1429744517257296 0.5128696556996382 0.030778433065706955 0.04288021879233552
0 0.14296875 0.47109375 0.0203125 0.0234375
0 0.22073850632152148 0.5276071850982802 0.014833258019564432 0.024914790818602837
0 0.575185432599669 0.9242044247521728 0.04089391270764135 0.07922715456798421
0 0.580891163630492 0.8419905896662645 0.024979016039128867 0.049583920171816544
0 0.646484375 0.987890625 0.01328125 0.02421875
0 0.702477920261168 0.9778915894969223 0.011127267118863138 0.027835072930778536
0 0.7136360645394995 0.9624132140446668 0.005488536397194465 0.012745661465389269
0 0.6912715075535265 0.9008753881174414 0.007301360271317847 0.016733798620519026