0 0.055184287425132796 0.3024553169292238 0.028670809553293885 0.012700896641955417
0 0.1538636321317572 0.2454066922033009 0.02681721112487061 0.006396332939624471
0 0.8132386900301668 0.6368798691139913 0.06938785483856424 0.0328422710513923
0 0.8335319193520023 0.6189557591325248 0.03751927067816432 0.01846974700477517
0 0.7469458521479678 0.5660291831328083 0.029597608767505612 0.015853178493120977
0 0.619020982317509 0.5748002817239384 0.04998288337461147 0.018125006623422025
0 0.5463668863702849 0.610985807584654 0.035920383374611474 0.017633933302444227
0 0.49552249710226126 0.6198040188359896 0.02650899607105863 0.016525301088459086
0 0.7481359207997443 0.5663788853560601 0.02952483416039975 0.0142906784931208
0 0.7271309850058507 0.5354203066351958 0.024837334160399748 0.01412698738612832
0 0.7063358147205804 0.5173659938399142 0.01736943651776457 0.004506450725639511
0 0.6836699293814983 0.509549776598129 0.01900471112487061 0.006123514427970278
0 0.6718323821317572 0.4990078634400277 0.011083049214211726 0.0035069459163160842