0 0.6132759234991896 0.07684163534133681 0.014267033079291381 0.03581122146395273
0 0.3232675052740621 0.5510090354651713 0.010242608411256349 0.015316784946188022
0 0.34375 0.52734375 0.0125 0.021875
0 0.3265625 0.496875 0.0234375 0.034375
0 0.347265625 0.66171875 0.00546875 0.04375
0 0.4747631297830829 0.6050768742783836 0.016574421642972938 0.02967038337461152
0 0.4518478045493137 0.6506633560814186 0.027625551131468206 0.049711055624352476
0 0.446181339239332 0.6849024422062889 0.03162270472226432 0.06551799214211718
0 0.458326815235227 0.7452577453494421 0.017419304156530303 0.04064427067816441
0 0.47153306977282006 0.7575297861890424 0.016619873438370902 0.037482883374611475
0 0.4916251285651393 0.7944743412966663 0.036501102262936416 0.09854881596343468
0 0.4896677188260231 0.728177253207325 0.024468734874689525 0.04409675641014079
0 0.5145088979825534 0.6871873031454078 0.016583512002052457 0.031232883374611477
0 0.5323160336684666 0.7812540765119139 0.011078400565734014 0.024728172249741043
0 0.510546875 0.990234375 0.01171875 0.01953125
0 0.5457283125538503 0.9594871613961848 0.005541472872636888 0.01275471112487061
0 0.5496391077333902 0.95852397487842 0.005541472872636888 0.01275471112487061
0 0.565386827580965 0.9367024788073616 0.003951701795398143 0.00799443651776457