0 0.3916492530461877 0.09742446856087401 0.049306299106495644 0.0959179052519918
0 0.33797966944204544 0.06306684626601218 0.036329012174864596 0.06821044239901033
0 0.3250406312942461 0.2898907648790926 0.031573328327488784 0.06416780007914227
0 0.35194800467104076 0.31409514301319563 0.03092844602224041 0.0719575680258309
0 0.3683135470828436 0.4725225827070679 0.004878414772652384 0.011073892319868151
0 0.3100140775216528 0.5468382725987957 0.022488654626382675 0.035792747492717505
0 0.3217279862068729 0.56914217577247 0.010497169236879244 0.019826766693047303
0 0.33418223458366736 0.5937670968928327 0.012196036931630872 0.027684730799670376
0 0.7306254965550135 0.48415223607859775 0.025722748782184012 0.042133675705962936
0 0.8057480247600616 0.3183776461472988 0.010497169236879244 0.019826766693047303
0 0.8200784188347852 0.3249883531610389 0.008880122158978664 0.016656302586424764
0 0.2219459717982472 0.9849358345875296 0.010442622158978666 0.016701766693047303
0 0.25823802780460153 0.9635776601352081 0.006604556006354301 0.02049435642649069