0 0.00859375 0.294140625 0.0171875 0.01953125
0 0.0415398832896194 0.3105640853305071 0.020385222872636978 0.012618174668035031
0 0.09290947359960108 0.34484616959036457 0.04155169574527377 0.025240894515609825
0 0.22569242993259236 0.3405407251121321 0.023510222872636887 0.012636355386194254
0 0.2181773787520262 0.32448192090650385 0.024286927693097128 0.011859650565734015
0 0.7704625622988559 0.25298923686869496 0.11983577702916719 0.05303916246959091
0 0.5202577687791409 0.14919330200572603 0.07916078005422929 0.04420906313352084
0 0.44166942090650396 0.13623651146197524 0.05406078610435348 0.02687611738824671
0 0.438471698033867 0.12371833074381602 0.029787493949875808 0.017360216822512698
0 0.3860529525714601 0.11052317871464883 0.05644089754067192 0.03313975292686635
0 0.3057637371632826 0.7349184093954306 0.06899998487468947 0.04336872579950324
0 0.5129177070108575 0.7572166319734801 0.035283515027114645 0.02207953307929138
0 0.6076282311622563 0.7214407462875668 0.056395445745273956 0.02532725292686635
0 0.8653273621141846 0.7705946329459339 0.02352385841125635 0.014980105386194254
0 0.7571830640077787 0.7129361481694403 0.010188066256778682 0.005527837334017604
0 0.7955302191111059 0.7244869869668908 0.011759656615858205 0.007099427693097127
0 0.8952941302154593 0.7516289973582164 0.021152837334017606 0.010278969847574971