0 0.5002875403191402 0.343277118734065 0.027957671004335084 0.051072151336727246
0 0.5148757151638484 0.5066174580680878 0.017627115756780755 0.03455681333545453
0 0.5379449769673166 0.5474833607375649 0.015146857864272967 0.032185791335136216
0 0.9641008693853923 0.2991191334142008 0.017536110495108836 0.03299431333545453
0 0.21323595488755984 0.7743915797461554 0.03549715521931951 0.04647555800445424
0 0.22629281534737516 0.8444179974140418 0.04195925782192056 0.07699885200509068
0 0.17268123891195897 0.9694901754057694 0.01579159997176518 0.029851132001908986
0 0.16583731012099684 0.8050688677394738 0.020251586817585477 0.025999426002545435
0 0.1424453127518328 0.8055773977362921 0.024096923635170953 0.05180794800286357
0 0.15819489821870675 0.8682183030712695 0.018499371018452494 0.0361284040022273
0 0.9274373573701628 0.7483691534054512 0.03213693678935066 0.055805104670590744
0 0.902167465199142 0.8171688784014741 0.011984060509226424 0.01809601933481808