0 0.39694112846330754 0.19311475955838092 0.06321906551854858 0.05587829542463858
0 0.3698527853979054 0.14639008393796232 0.024764319279472247 0.020443539976756853
0 0.33446620902555074 0.10922072477740415 0.03404839106622681 0.017974103838727374
0 0.6140625 0.230078125 0.009375 0.01484375
0 0.6229604076927673 0.1780417805936029 0.01739208847980205 0.00823311708027905
0 0.6249290788131301 0.16531504655909543 0.01893185642649069 0.007561127723940686
0 0.7831734878260456 0.1911941215689307 0.020562552586424587 0.0100141383676025
0 0.14668088410469302 0.9017522502136643 0.022125052586424766 0.01012339901126431
0 0.01171875 0.9 0.0234375 0.0109375
0 0.16147616415882915 0.8743292316502818 0.021480194906292736 0.014756268689433406
0 0.14334410969194256 0.8808579190872562 0.012681856426490867 0.0071240851492937905
0 0.1574532480530312 0.843251335362958 0.027752926959604095 0.015974561264080478
0 0.10027423970650737 0.8341851968693048 0.03096885517284953 0.01931808255140375