0 0.396077913245653 0.09485105408992514 0.036805108411256525 0.017411375126050642
0 0.3294125880118838 0.05496338144554898 0.048560219847574616 0.024480829953513705
0 0.18276030180933436 0.10351513194975208 0.10817611436318479 0.07003898441265974
0 0.726953125 0.362890625 0.04296875 0.01328125
0 0.6332367643397436 0.3070980439120293 0.024314198770336047 0.018099789976756854
0 0.738303526390894 0.2977971406257776 0.014889201795397966 0.00885047611478651
0 0.7335546664671067 0.28757804755676275 0.013322156615858205 0.007959965471124698
0 0.08510580351825717 0.7039378799821158 0.012531816256778683 0.006342835149293791
0 0.8583145532727675 0.7445827103522193 0.10508747579950324 0.07607046312533612
0 0.5429912868313176 0.6841768550500589 0.04941873789975162 0.03781671027534461
0 0.5263759585724864 0.6493865918085071 0.02822499394987581 0.019154191585911206
0 0.5085910279034251 0.6150688990497016 0.02979203912941557 0.020044702229573018