0 0.13113177013283545 0.05174999534493292 0.0170816788391571 0.040498721463952767
0 0.11764608943118952 0.20253872663123929 0.028765462657336018 0.07140411910658777
0 0.17708305686241044 0.3602271021479678 0.027865813487172986 0.06980523180303493
0 0.15181083103257348 0.3606070147824977 0.022609628424238616 0.0415346825888232
0 0.84140625 0.414453125 0.0296875 0.01015625
0 0.8682045030232534 0.40979153153172077 0.015246491701630305 0.016279971463952592
0 0.7827441208624262 0.27852758808708666 0.01175463879720091 0.021566784946188022
0 0.3030957388134562 0.787957169042416 0.022491229254075585 0.0399721825888232
0 0.3656477267784979 0.7196384894515209 0.008037642946385759 0.013608735731976296
0 0.5881532099696546 0.6557974864535928 0.03977381763635783 0.06257492865988183
0 0.577734375 0.837109375 0.07578125 0.14921875