0 0.07915630624873167 0.3872796706161056 0.011850560206654492 0.023338789462538756
0 0.06978585142827143 0.3875148890460746 0.007072156615858205 0.007440773677523183
0 0.05934351555768709 0.4048693535297896 0.00713124394987581 0.01759702367752336
0 0.012109375 0.62421875 0.02265625 0.0109375
0 0.555159228284488 0.4195377047463856 0.007099427693097127 0.012128273677523182
0 0.5472558246936918 0.40345767843802627 0.007889768052176649 0.01373627630835923
0 0.9446421573919203 0.7493042875824235 0.05217609923787414 0.10847192363517096
0 0.9011552569243821 0.6577391428864476 0.011078400565734014 0.024855786831702885
0 0.8744435473208391 0.8319050494917724 0.02451873184962743 0.05297308155591374
0 0.8322063107863247 0.8880189061112145 0.014230671642972936 0.02972529735504672
0 0.8653798921193161 0.8848746429217413 0.010260789129415571 0.018560284200867017