0 0.4396428663127162 0.16580230915005378 0.07050479547482595 0.21958011721114817
0 0.427518221806789 0.061775544421371634 0.03719093528498316 0.09043403531746037
0 0.37038485963977974 0.2017985695597993 0.026238847832553168 0.07025194324473975
0 0.3723970165029966 0.24803262068567591 0.017121174410568152 0.037720045496493174
0 0.3947342842789032 0.35958663595422513 0.023897756425790638 0.03192062846991526
0 0.314472452016535 0.35966518276116516 0.021122924904859806 0.040314119370616554
0 0.2894107963704565 0.5062042697443694 0.011079421444818749 0.023307092072720616
0 0.27191358441231833 0.5244681624030996 0.009325920456235436 0.01851946252307126
0 0.2004205515791088 0.7457639678479129 0.018970175893442943 0.04485142504614252
0 0.1668241429858714 0.7097356327150226 0.017743256920082117 0.033863860271317846
0 0.14547374846135366 0.8034402151485776 0.010888420456235438 0.018619592072720615
0 0.11383513481146963 0.9488423527177913 0.009389587452429992 0.02008196252307126
0 0.8879550436704434 0.7896338837947569 0.022349843878220456 0.05130168414544123
0 0.8741929853626266 0.8692160082548899 0.019242089923887918 0.0324014898209672
0 0.8143471293742621 0.9801924822674406 0.01399617441056833 0.037519786397194464