0 0.58515625 0.35625 0.06875 0.053125
0 0.274853291213058 0.341796875 0.047526775214770646 0.02734375
0 0.24934647953289807 0.309765625 0.02725854081860284 0.01328125
0 0.22351045821908544 0.27890625 0.028821040818602837 0.01328125
0 0.7342338138836373 0.558203125 0.05982537935321375 0.00859375
0 0.6628141762762519 0.54453125 0.03959476650834333 0.01015625
0 0.62421875 0.548046875 0.009375 0.01328125
0 0.1627455772261916 0.9703125 0.0712508802577247 0.0328125
0 0.29630502770116146 0.93984375 0.058590427973732775 0.01484375
0 0.27560688574056247 0.917578125 0.017474105042954234 0.00546875
0 0.29698890179665033 0.915625 0.02072193577564878 0.0078125
0 0.27638979675369624 0.91015625 0.02055816146538909 0.0046875