0 0.34281614438414376 0.4243512430384662 0.05879464664195542 0.029807171945039103
0 0.6283530957003464 0.4961346574949115 0.18728423439090341 0.06632499663478768
0 0.864304236625929 0.5026091125949363 0.05162698738612832 0.025696333465237232
0 0.9143860821794254 0.5017202140068622 0.04058035998146643 0.02225308471887839
0 0.7679649665239952 0.38367241874442914 0.029905754809323427 0.0071138180258309095
0 0.32121147369557124 0.9454295873242561 0.04850198738612832 0.025605405251991797
0 0.2664718991934672 0.8781451474325281 0.04825645072563951 0.018574155251991797
0 0.22540542773292166 0.9008025716869941 0.04330605589778251 0.03325878087881229
0 0.05466262455628694 0.8633796449584992 0.03564732332097762 0.015085442399010418
0 0.0610329202448594 0.8041296712517116 0.018940972958158043 0.006014319279472246
0 0.15253837396572373 0.8263433035424498 0.014280754809323426 0.006659176959604096
0 0.08507930005418282 0.7985729988777075 0.012690972958158043 0.005832462852981379
0 0.05768098635185197 0.7993398770118105 0.012690972958158043 0.005832462852981379
0 0.6432501813611188 0.9537624356353323 0.024600695916316084 0.0116421936526514