0 0.160546875 0.021875 0.03203125 0.04375
0 0.15432644804386664 0.319947818858436 0.02781193317629622 0.05150194324473993
0 0.24645338812414402 0.15144169917866507 0.020516843025509247 0.06579498072166849
0 0.544921875 0.01484375 0.03203125 0.0296875
0 0.14738922469314925 0.6569134430878563 0.07660889255439773 0.21854854333702498
0 0.10561908861849689 0.8604645924557042 0.04110274509902769 0.07022166486710972
0 0.15619900523027902 0.7627524329088236 0.03975485857689805 0.09033390576781102
0 0.21783807146509365 0.6284315461101894 0.02867109561740726 0.07020187846991525
0 0.21679262704949168 0.5820123750738292 0.01805622436384251 0.037669980721668495
0 0.19765625 0.470703125 0.025 0.02265625
0 0.278125 0.477734375 0.021875 0.03671875
0 0.7061046243161815 0.6014626831395361 0.014794523327083198 0.03590722162236979