0 0.14619367257583366 0.5806490659130932 0.05321135841125635 0.01515282220870695
0 0.296161856319055 0.5869904903847365 0.08922612646343317 0.02864315046753809
0 0.3550462373691792 0.604521151439992 0.05167612948849527 0.01983123184962743
0 0.5081624074505231 0.5397847340400247 0.045430674668035034 0.020576120413308984
0 0.671484375 0.53515625 0.01640625 0.009375
0 0.8308777447845406 0.4437131890568766 0.032894313231716585 0.014253397540672097
0 0.8968572687886457 0.3831574841382205 0.012527271077238921 0.004760222872636888
0 0.23797489988786785 0.9088384797479211 0.029742042154477667 0.009547716822512698
0 0.3202243185057787 0.871815723599601 0.04539431323171659 0.014326120413308985
0 0.4367237446863448 0.8564773303510325 0.012518180718159222 0.0031977228726368877
0 0.1781890820203623 0.8448166259233559 0.026607951795398144 0.007967036104353476