0 0.48799447001237095 0.083984375 0.04009981426490725 0.0625
0 0.56171875 0.24921875 0.0765625 0.1484375
0 0.7759556396812369 0.156640625 0.005832462852981379 0.0125
0 0.4031457600623833 0.417578125 0.04160848997087001 0.0875
0 0.36360706119731123 0.47421875 0.04588681301126592 0.0734375
0 0.40404287843171927 0.74921875 0.03493494114536908 0.04609375
0 0.3833594796457894 0.775390625 0.01711094365265158 0.02421875
0 0.3638138577798925 0.802734375 0.01412233597251955 0.02890625
0 0.9122844220115462 0.58203125 0.036474709092057724 0.0453125
0 0.9348113252184739 0.828125 0.028616744985435004 0.04375
0 0.8803284136982761 0.82109375 0.07062004005001246 0.11796875
0 0.8245629727507626 0.791015625 0.01552571159934022 0.0234375