0 0.4833288011573032 0.12853386184314272 0.02479257697140156 0.04580346248093754
0 0.8460757115385451 0.3750084917349657 0.031361441365487866 0.04985518284565984
0 0.8836633186606976 0.4008358544343233 0.044546967578284934 0.06809668977951393
0 0.8803794666844469 0.22687167757258725 0.0101880719704317 0.01973127175149294
0 0.8882876260026729 0.22822539052849003 0.008498026212797072 0.018132404160312632
0 0.8702711430470252 0.19856483961668445 0.013042005000969858 0.026035823138263935
0 0.9054668159306918 0.3288251291777781 0.02297498545613248 0.04264209488975688
0 0.24011372099685388 0.6278701533040976 0.016294550758604486 0.027671058320625087
0 0.1997034225938023 0.7871714383061634 0.030675915152690792 0.031904616641250175
0 0.27261463517111756 0.8301960461136982 0.029543849850218785 0.046693815254479173
0 0.6345162003286574 0.696195120344063 0.01933980242559432 0.0363193597073959