0 0.377758984804305 0.27089013222192976 0.07045862357510409 0.04389348414439738
0 0.28635306140949607 0.24874669809870847 0.04985518284565984 0.030210415742663345
0 0.17404497107876687 0.18353231531208145 0.019004573138263935 0.012029563140062293
0 0.0625720289244267 0.14965893778712633 0.052998366641249996 0.031173676266007
0 0.0449221485576385 0.10130124964706422 0.021330139342673603 0.011384821032569903
0 0.2400700145817531 0.1701670363022992 0.022929006933854267 0.01303832629424182
0 0.4683304132331072 0.7337587349304115 0.04976426386770836 0.026304165742663345
0 0.5012701998022392 0.7302010954255203 0.03003299211621524 0.01657284997176518
0 0.5395150822110585 0.7339932243364806 0.028452308320624908 0.015700594710093264
0 0.4348642764074301 0.7095137454890488 0.02532730832062491 0.015518584186749607
0 0.4157239780126211 0.6915793047181507 0.013444904160312632 0.007804794724210673
0 0.37935104673402736 0.6577773047534443 0.037027874525034754 0.015419873649288363
0 0.9031953958984718 0.6673493613164166 0.02847049211621524 0.016481844710093264
0 0.9003795204235064 0.6538861007930729 0.03946254350298606 0.019462631541796328
0 0.8929216044375169 0.6381966994847137 0.024509690729444422 0.013910581555913737