0 0.6171773752390795 0.12542755590381222 0.02747234298989589 0.07445905062041866
0 0.01626170640329825 0.7173990295467594 0.014154072188333445 0.0384287154711247
0 0.7322666064795482 0.8136077580073344 0.03145132817225704 0.07785720222957301
0 0.7511149843293398 0.8947429615358523 0.019059777735416717 0.04813149740210996
0 0.7533275815454685 0.6315791849266981 0.02696319671336802 0.05258405062041867
0 0.8104669545034373 0.6813522689030977 0.023529072188333444 0.03908427933309504
0 0.8382825033732114 0.7134244006499244 0.008285278685347208 0.020858803218308707
0 0.7926150927540101 0.7423144071446495 0.010701763867708358 0.02414769418380125
0 0.849246625856215 0.7466657304773874 0.007649499050069508 0.027054172896477803
0 0.8630000013311803 0.760930326270343 0.0034159407294446 0.012718521287323448
0 0.8509620550927774 0.8242553169256264 0.005051175911805572 0.015952781930985083