0 0.020367498075856895 0.3595614354763573 0.031379210363602895 0.05192725593149898
0 0.014765346239386367 0.19771402218734985 0.020171600092285046 0.03510717045623553
0 0.6573714975359899 0.4364349767311143 0.01777778531746037 0.03423041996194396
0 0.6491491849206336 0.47962656121779473 0.012820175046142523 0.017665002471457924
0 0.6410135159652999 0.34515473142688446 0.010226101172019142 0.013663251977166358
0 0.09428526064507077 0.7274943640884041 0.02697231261535631 0.043955588441013126
0 0.10971989474436938 0.7237486108755087 0.02447836829088228 0.04151633794672147
0 0.11027000848560249 0.6847656946207517 0.012289248920265904 0.021539418973360824
0 0.09140625 0.576171875 0.0171875 0.01328125
0 0.123046875 0.58359375 0.01484375 0.028125
0 0.11360861042820139 0.5961893201150433 0.011507998920265905 0.021507585475263546
0 0.73984375 0.583984375 0.0296875 0.02890625
0 0.78203125 0.5765625 0.015625 0.0140625