0 0.99296875 0.04765625 0.0140625 0.05
0 0.989453125 0.1203125 0.02109375 0.0453125
0 0.988671875 0.17421875 0.02265625 0.08125
0 0.9913385131343769 0.39799024932213384 0.008576633374611476 0.016451701795397965
0 0.04750627688341744 0.7243121152469475 0.035796258891340214 0.06425339754067191
0 0.061273370349442136 0.7976496212970717 0.036504734284234355 0.06269544272021185
0 0.8505199609199827 0.6927984948336385 0.025130586641598996 0.053256810206654494
0 0.8550382750236452 0.9227879888326124 0.0393579065339754 0.07364657825883114
0 0.816529123761655 0.7937501890663814 0.019642565963434677 0.03604203912941557
0 0.8005006323434088 0.8528118321185583 0.011138707195929066 0.021152837334017606
0 0.841015625 0.987890625 0.01953125 0.02421875