0 0.126953125 0.509375 0.04609375 0.0609375
0 0.14326208333468643 0.5023436803792483 0.02132944538658723 0.049982753954332715
0 0.15292921104821994 0.4299261816149773 0.023386590343633173 0.044609504448624195
0 0.15341056790019633 0.37592443112068563 0.028517825644311934 0.08301808844101295
0 0.0891637796815556 0.10045953956191749 0.02174220318850333 0.0429833374524299
0 0.1251267345097391 0.12384663072153428 0.01718085594746519 0.03032416996194396
0 0.13157148631876137 0.07556829821202027 0.016686210990419427 0.03576108646384668
0 0.16396902787253326 0.1520485558735399 0.00789106512886235 0.01669275148287479
0 0.8434888919048282 0.13633667840208194 0.011507388059640888 0.026195085475263547
0 0.8799675452296171 0.3515597717860109 0.012370525214770644 0.027789418973360826
0 0.8970233698000758 0.40705902598748944 0.00612384724103805 0.012722834486680412
0 0.8941650426854256 0.31220944100651743 0.009371677973732595 0.015193918479069169
0 0.8939724915207152 0.2785361072612744 0.005137879353213748 0.008784750988583135
0 0.8917261174252264 0.254174106519837 0.007809177973732595 0.01513025148287479
0 0.41905496042662216 0.883757483002712 0.008672315128862351 0.01672458498097189