0 0.17131390918916017 0.5367894822773289 0.03574075804577177 0.02213603174358649
0 0.13792493190147948 0.5032365261561201 0.03112431386197052 0.011683783818179094
0 0.6838444472367182 0.4109842908787599 0.10311392834435944 0.052108796890433594
0 0.9465108331324815 0.35549055416311803 0.07066741510280768 0.06596946473192844
0 0.9745592414884625 0.325022265470808 0.04210001868943358 0.024172128424238614
0 0.993359375 0.3546875 0.01328125 0.01875
0 0.990625 0.378125 0.01875 0.034375
0 0.9295252469363442 0.2839110907808357 0.02509283514929379 0.014335187137526795
0 0.9362178253388114 0.3005187116316508 0.023421074505631977 0.012654287967363943
0 0.9066722549821158 0.2625446536433088 0.024983574505632156 0.012772687137526972
0 0.8084561351778958 0.29123020447082365 0.046623627723940776 0.022183575934727705
0 0.8289269903155683 0.26804161951277994 0.018460422896477802 0.00839284045687485
0 0.8584286380278876 0.23925422999063278 0.008085651609154355 0.004498245850815152
0 0.2502037336947923 0.7872388455547206 0.027545845792955603 0.01607528589277134
0 0.7294434834426908 0.7797177304032291 0.05274794158591121 0.031972973030298314
0 0.7865673866028917 0.7153247276036904 0.048803486758448235 0.020017424689972075
0 0.8766598319595872 0.7578867534358495 0.05218521287323465 0.035038773445216796