0 0.06322656292538502 0.422030111374638 0.07745993668015991 0.03467758956304649
0 0.021875 0.38515625 0.04375 0.05
0 0.43291992622251085 0.35591149917776876 0.061793993102595035 0.03335070253973793
0 0.7158060083119722 0.32704744967174004 0.03585229081860284 0.014508933302444228
0 0.833327700985026 0.3546317910488851 0.023188516508343325 0.010947423683797553
0 0.7866917183978804 0.3185653162766286 0.023188516508343325 0.010947423683797374
0 0.7412940092164833 0.3036744370578683 0.029479460085908116 0.011946928493120979
0 0.729571937190216 0.2883941774392215 0.025409435775648782 0.008685519237293705
0 0.550022756672292 0.25707842889442495 0.044323210085908296 0.012465283665263982
0 0.15003936680362884 0.8590229410449606 0.04625420228399193 0.01955109736759475
0 0.254296875 0.8609375 0.02890625 0.0375
0 0.9130472998657441 0.9655035756211984 0.07219590456798422 0.038392866604888456