0 0.24808727446353754 0.4208385099985422 0.03358531570031094 0.09391362646343318
0 0.31411555091307114 0.28064530205482396 0.01114960260260105 0.030523292154477844
0 0.3229746114222974 0.2986595038502221 0.004452281570031147 0.00939772589769916
0 0.8921891655661953 0.1039239812113543 0.03144669205102239 0.05719487646343317
0 0.8404672493647155 0.5366794060266831 0.03704424466774103 0.07284714754067209
0 0.8672726730704736 0.5141867824901162 0.02303495257436623 0.06026987948849527
0 0.9228777234445857 0.12128419803386699 0.017255389434303936 0.04149260841125635
0 0.9392570049793232 0.1678481136758137 0.01629212891096028 0.038363063231716586
0 0.939328382539572 0.24282311518834473 0.012530092079257394 0.027407382513557364
0 0.9481002904250211 0.2526364645735127 0.010967592079257394 0.027398292154477664
0 0.9445033955172836 0.4322421513417961 0.007986805247554329 0.016447156615858206
0 0.6250064547463856 0.7320626167499737 0.017081084186749605 0.025090903590796288