0 0.26268099959869584 0.35556919345668075 0.00517857332097762 0.014089771077238921
0 0.25518843077055553 0.42473936212368957 0.005014882213985139 0.009402271077238922
0 0.5596440515942043 0.09207860475742598 0.031324411069925694 0.0470477168225127
0 0.9351512715995464 0.5414178020152309 0.03184276624206887 0.061891466822512745
0 0.9359684659758409 0.6745891107584523 0.02878968811176765 0.04156533128389324
0 0.9128385008222313 0.7106538757855669 0.023675602176918175 0.05168976502711473
0 0.9509089139379234 0.8842251981415676 0.04813245435383653 0.10338407523376922
0 0.892146527547587 0.7775575625047525 0.02200397477225664 0.04855567466803503
0 0.91328125 0.959375 0.0296875 0.08125
0 0.8605381296820964 0.8886564163784156 0.0076041688744741265 0.016447156615858206
0 0.8498102054077357 0.8715348214817429 0.007604168874473949 0.016447156615858206