0 0.241053667061823 0.43758590183185797 0.018656723277822706 0.07839511027131785
0 0.20537979377768262 0.10934623187523185 0.015312762932123646 0.04386991594684382
0 0.22312422908381038 0.12958828192137437 0.015312762932123646 0.04386991594684382
0 0.23539155420252394 0.17599231376891966 0.012437815518548589 0.05226340684754529
0 0.2779554477427796 0.4060296684108541 0.008903638558944493 0.03800064774824659
0 0.7381259292025238 0.37111219578719173 0.015130906505632957 0.037619915946843815
0 0.3249955837944416 0.8813312546234784 0.009366639812585476 0.02711321252307126
0 0.2860992536944167 0.6433410988556674 0.02156276293212365 0.044270434145441226
0 0.3541930299876291 0.6519936092654129 0.00596885517284953 0.017537953423772734
0 0.3449998864141198 0.6576428319675169 0.00753135517284953 0.017638082973422085
0 0.37881076517504353 0.6270582144472143 0.009139319279472247 0.01930071252307126
0 0.5374130157686106 0.8928206647102263 0.0135456744523216 0.03673853639719447
0 0.5571913125157941 0.8757629738556674 0.005832462852981379 0.012850453423772733