0 0.3194173105569519 0.4103138340163099 0.11741137512605064 0.04072918212131782
0 0.2718514007759751 0.3486434412766286 0.051256497402109955 0.019714788474587408
0 0.25647777305203423 0.3294023679556509 0.06186621547112488 0.015409234390903314
0 0.19012615337386513 0.32786466060658953 0.03185093354013944 0.00968502404661713
0 0.10911663598337676 0.29503106863888134 0.01584352128732345 0.003670637023308565
0 0.17509405615591378 0.2856449169135254 0.011156021287323448 0.003506945916315907
0 0.9195619171196201 0.4167312092479779 0.024366215471124875 0.014099705534962936
0 0.19029004433935776 0.6064559081595189 0.01126528193098526 0.005069445916316084
0 0.17657996451189478 0.5942870076152892 0.012827781930985082 0.005124009618646852
0 0.675459678936176 0.9550918321598022 0.0337412154711247 0.014427087748947898
0 0.7505144912470998 0.9027691741275106 0.015952781930985083 0.005233137023308565