0 0.20464393833685116 0.21959923862671574 0.03339755183796278 0.07827953610435348
0 0.19369209545275384 0.19259611665177784 0.013466469180046303 0.028969882513557366
0 0.14310314670182755 0.45779159718526585 0.018778685768194237 0.053988063231716586
0 0.1525041770975454 0.31534073721238054 0.015751430584398207 0.04616192769309713
0 0.11259544048127194 0.9122296331914235 0.02097617280870363 0.03447953912941557
0 0.05711305612680455 0.8224992522394953 0.023602886804953725 0.05557783430895533
0 0.050265432728818914 0.5612643034200613 0.01448216503300923 0.022728972872636886
0 0.016460433153054767 0.674681648365832 0.00472645622055552 0.009397725897698984
0 0.019683532234073375 0.6356577823919204 0.0072752577756944 0.011755111436318444
0 0.025 0.53671875 0.009375 0.0140625
0 0.6059378172246983 0.9246410021903972 0.020741726955740704 0.04072499394987581
0 0.6093942993642353 0.9730739570108575 0.014384420216805438 0.030536927693097127