0 0.233203125 0.458984375 0.02421875 0.04140625
0 0.25427966466949287 0.326726533813056 0.015025557181592398 0.03159549211621524
0 0.2603051991631194 0.23115069538218794 0.01983123184962743 0.05201709488975696
0 0.2659006933093869 0.34379616574691013 0.016638054156530302 0.04022560970739582
0 0.27776690120400716 0.38587488957855953 0.00949771984757497 0.02131195554708327
0 0.2855975819221664 0.38293172753446225 0.010269879488495092 0.019767639342673605
0 0.7389473078689635 0.23830792553055585 0.014221581283893236 0.027671058320624907
0 0.7506228786633352 0.2460025574644101 0.0158477137974506 0.03864492591180557
0 0.7622689057906984 0.2587753143982643 0.011078400565734014 0.024473323138263937
0 0.7510418165022683 0.5585116493622053 0.014257942720211858 0.033921058320624996
0 0.7546875 0.4875 0.0078125 0.015625