0 0.44099338778350783 0.34471549811988467 0.06323166469812272 0.1362251973126943
0 0.39912953619715275 0.2510568678935064 0.050558049907332855 0.10819890785015537
0 0.3471367164619631 0.15758795346626114 0.01100198738612832 0.024810284200867016
0 0.36195441265235606 0.0684001389754874 0.0076041688744741265 0.01681577367752336
0 0.3411979685501387 0.09915731531208154 0.005124009618646852 0.012773015785015574
0 0.33107024500141746 0.13287252716496062 0.006959328130301046 0.020676521046687314
0 0.3220089862898199 0.14131087059492947 0.00854910998146643 0.02154877630835923
0 0.6546875 0.08359375 0.05 0.115625
0 0.639453125 0.04765625 0.01953125 0.09375
0 0.6432317441791863 0.23085078370675677 0.020223219962933213 0.043279563140062295
0 0.5433978913692958 0.8934711520237861 0.02440228847458741 0.05131957629424182
0 0.7404402831595188 0.6179786928723303 0.01132936960011328 0.034185284200867014