0 0.42748256941021145 0.2025331362354783 0.00839284045687485 0.018460422896477802
0 0.9323777292656865 0.16405818517879958 0.0073747921165487895 0.015280792574646896
0 0.9109171263612572 0.16799728616753526 0.004735044191141213 0.011210651609154354
0 0.3500061663029671 0.8511698731199774 0.03502711805127632 0.06228683255140375
0 0.2287360321677938 0.57886087144288 0.015945231328668007 0.0360849654711247
0 0.2160444714801594 0.45752128499464106 0.011873037967363942 0.02336644418380125
0 0.19717116722840605 0.5109878155006304 0.011873037967363942 0.02336644418380125
0 0.19846819171091906 0.5588707995351379 0.013127884648016064 0.029671074505632156
0 0.18793343341254917 0.5736763447076749 0.008925636722608488 0.0254916728964778
0 0.21810358694400075 0.756464206466123 0.013471426764564675 0.04446019418380125
0 0.6955342910908635 0.5723812784999159 0.031665319710950435 0.05894331126408048
0 0.662601085382251 0.44030093400590536 0.016738136722608488 0.02603797611478642