0 0.366796875 0.498828125 0.02890625 0.04140625
0 0.64375 0.020505106004707053 0.0078125 0.02324824585081515
0 0.324609375 0.8282068797622738 0.02890625 0.034221634648015885
0 0.3515625 0.99375 0.0078125 0.0125
0 0.735546875 0.7990517147203176 0.0578125 0.21922451929603196
0 0.7546875 0.5917419498858205 0.03515625 0.07063273132866801
0 0.775 0.6972340106737012 0.03203125 0.09070843298834194
0 0.79453125 0.8410665210466635 0.02265625 0.07046678796736394
0 0.78046875 0.8858821135781305 0.01484375 0.03784354211654879
0 0.728515625 0.9890625 0.02265625 0.021875
0 0.8078125 0.990625 0.01875 0.01875