0 0.2657250959808777 0.1845920764434296 0.017828428165332966 0.03731895072563942
0 0.31654882791880407 0.47954743973660713 0.009688645697928955 0.01829613221398514
0 0.3538090945578955 0.5565836548902168 0.006604556006354479 0.020530754809323426
0 0.44375 0.045703125 0.0375 0.09140625
0 0.43326585937191064 0.10526046855013868 0.025146050324311543 0.05397073738612832
0 0.491796875 0.613671875 0.03671875 0.05234375
0 0.514338378648505 0.2544866695922641 0.025036956168510115 0.04772073738612832
0 0.5372126142398794 0.42432298179698263 0.012250584009531629 0.030877977767481468
0 0.5594012599378082 0.4430556236296145 0.009743192775829534 0.021421132213985318
0 0.6627166929760528 0.7676476239036917 0.01810116355483622 0.05294395072563933
0 0.719140625 0.97890625 0.02890625 0.0421875
0 0.7216727045420095 0.8575434649643506 0.014676154626382675 0.03564732332097762
0 0.7526713114815834 0.9113281912342195 0.008180692775829713 0.021366568511654194