0 0.205859375 0.30170066862270656 0.0359375 0.07385567067154515
0 0.25703125 0.3323552299490933 0.01015625 0.01808692866804549
0 0.283203125 0.5682779992640259 0.0109375 0.02434601933481808
0 0.2921875 0.4982515815961396 0.01640625 0.0298784040022273
0 0.33671875 0.6188271635900945 0.01171875 0.02435511000159085
0 0.84921875 0.9714808172740481 0.03046875 0.056604536004136105
0 0.86484375 0.9259865039385937 0.0453125 0.12318350867281787
0 0.8765625 0.8848345189370029 0.02109375 0.04946419800286357
0 0.87890625 0.8121509969366848 0.0234375 0.0448039700031817
0 0.8734375 0.7583083816040939 0.028125 0.08157726400381797
0 0.780859375 0.4918075006166614 0.02109375 0.04243294800286348
0 0.819140625 0.510893307944798 0.0171875 0.02988749466899989
0 0.8203125 0.4624421719446389 0.0171875 0.03613749466899989
0 0.8609375 0.5350163322724574 0.0078125 0.016497156667727175