0 0.18780163709866518 0.300010427884041 0.05213404238978612 0.13102869114536908
0 0.12735853887738405 0.38329912674911315 0.04152187406898662 0.10419340650563313
0 0.056904739870314816 0.4637583423072328 0.008904119106587772 0.023664820533113407
0 0.051829788051069234 0.5559685743605441 0.006196496071058632 0.01578412437317933
0 0.03867804766628034 0.5200723583734596 0.004488446856846906 0.012613660266556614
0 0.036427419977938594 0.48463914364001626 0.0048523198923760445 0.020426160266556793
0 0.029514967227679635 0.473917598146474 0.006414819892376045 0.020471624373179332
0 0.5977256198327134 0.21102749007063065 0.016699502481199426 0.04027565901291545
0 0.6098403799646533 0.12680442851086154 0.027330941480163417 0.08427571159934022
0 0.57734375 0.146484375 0.015625 0.05078125
0 0.22121345058090053 0.6828433114284204 0.016699502481199426 0.04027565901291545
0 0.22130118776061894 0.7312126152684864 0.010757717535011225 0.029960284639735945
0 0.17723543352209123 0.8397710929340534 0.007414393713693812 0.025181856426490866
0 0.14118021329873826 0.8349687584130308 0.0046339960710586325 0.015738660266556792