0 0.37945237758743505 0.21828861742522648 0.01911777551980922 0.046912621551297565
0 0.8404414042447869 0.2856415527486197 0.03772606556176541 0.06656338025772479
0 0.8667500841212401 0.24652262042167336 0.01888097717948316 0.04378762155129756
0 0.8836837639976934 0.20789501102550564 0.017389332158504977 0.0343716779737326
0 0.8639134091189179 0.3404380557450666 0.018951832158505155 0.03445356512886235
0 0.8813726736410651 0.36675821630594474 0.013376338382282426 0.022489153663473083
0 0.9097748045524924 0.42324171104821995 0.012571777594401645 0.042678822930778536
0 0.8918848744639355 0.6490639046257847 0.009896140871793335 0.01763787935321375
0 0.9272026240513391 0.5526680608334493 0.0037169958508151526 0.007976274310259513
0 0.9083615181352673 0.6832170369754452 0.006652741701630304 0.015911605042954236
0 0.176171875 0.844921875 0.02734375 0.03046875