0 0.2125 0.006640625 0.0140625 0.01328125
0 0.10549187782507516 0.45331074896363344 0.04036272840327406 0.07274372436384251
0 0.8313240796010408 0.16780725688073989 0.019606493102595123 0.032822061922731474
0 0.8453135371427578 0.21957958939724448 0.01126172659425162 0.021982306738935264
0 0.8393125206344145 0.20894488576858708 0.015904960990419426 0.036386559330833276
0 0.8231126495353724 0.2040280751418047 0.01183825870642714 0.01814440725731483
0 0.02421875 0.517578125 0.0484375 0.03515625
0 0.5194791768420789 0.7291562770502772 0.028445904567984303 0.03826141762490742
0 0.5423645202957301 0.5351861740814113 0.02343085594746528 0.031601314514629573
0 0.5870208016727367 0.6230812257779622 0.016235831637205676 0.027861159849212936
0 0.6197602592144537 0.6764939707355778 0.021991186680159914 0.03380836347787035