0 0.2345828304308945 0.20020010174647362 0.027122441145369082 0.04639374200349984
0 0.2136009091126759 0.26325863041054187 0.03688388605166182 0.059784080004772554
0 0.17931984316516258 0.23277142540576942 0.014767193652651578 0.024382382001908988
0 0.19236372126601217 0.026212616406723833 0.019704746239076344 0.03303067600254543
0 0.1320824449727998 0.0298095100652243 0.0060597833860947855 0.020376134667409042
0 0.9100807275009648 0.24255550541054188 0.025074207838416563 0.0565227200031817
0 0.03809779810058522 0.7444629034054513 0.02305706677218975 0.04087953866963616
0 0.046494802884040884 0.630459492739474 0.015866692399010417 0.035328972668681756
0 0.06638910840671315 0.7256449970758829 0.04840405925034226 0.10677725867281787
0 0.029084302850787492 0.39619330706951955 0.021327082211595894 0.061946016669318024
0 0.7178482803184988 0.5198583474100646 0.017315532132453626 0.0314409040022273
0 0.6903806782797524 0.5640850600731785 0.009207515439406322 0.021193747334499947
0 0.6988111238128658 0.556368012074292 0.012741692399010417 0.035292610001590854
0 0.7151719097062431 0.5581214160765192 0.009852373119538172 0.01651533800127254