0 0.101171875 0.572265625 0.02890625 0.01484375
0 0.11822040374093508 0.36595784130999387 0.04248290653397539 0.0766261439408634
0 0.07296146556828598 0.4887338427474629 0.021205065963434678 0.0375318219704317
0 0.05963096184648693 0.4281072838834298 0.011919957195929065 0.021986570303441866
0 0.10580275578871365 0.23302578327945578 0.015263281017246656 0.026929161818710856
0 0.1229549455115487 0.2503806387346184 0.010139133374611475 0.017171524545807237
0 0.10849541625163042 0.29083828327945577 0.021459777088305286 0.0430005719704317
0 0.7934195147824976 0.31607746380950896 0.014372869106587772 0.02452163893989372
0 0.7732482558911575 0.25061196047552914 0.007577059553294063 0.012292705909355384
0 0.924609375 0.99375 0.02265625 0.0125
0 0.9315669470617346 0.9422650563877941 0.04573418507002245 0.06288250833494971
0 0.8859375 0.982421875 0.0328125 0.03515625
0 0.868359375 0.993359375 0.02421875 0.01328125