0 0.08483759654536356 0.18715464488879766 0.03477679328391083 0.056822744317957155
0 0.11114340815951876 0.2464975300350674 0.03690228847458741 0.050613654626382676
0 0.0776662200477511 0.4207299168045425 0.04852183475372307 0.07033581939903506
0 0.087109375 0.389453125 0.02578125 0.01953125
0 0.12223095834092863 0.46568301948340823 0.02469246515360979 0.03634660308425506
0 0.14950278647122978 0.4855318693212524 0.01725198738612832 0.024505122158978664
0 0.19954991568998998 0.5307801396137919 0.020250501814098598 0.04329603246740419
0 0.27232772253723087 0.7456570943626153 0.012373514427970278 0.018954551542127617
0 0.2680953183648042 0.6468426061320904 0.004987600362819755 0.008675570616851046
0 0.3018254941791863 0.7732843522767715 0.009166668874474126 0.01655625446422686
0 0.8081015314302384 0.8407219527218761 0.020059528855940555 0.03782728246740401