0 0.433203125 0.498046875 0.02265625 0.00390625
0 0.9067085894311895 0.03300357230948734 0.0448039371375268 0.0257192518140986
0 0.8934506502190702 0.01228184454200596 0.019815592531467273 0.014717264427970278
0 0.43984375 0.850390625 0.059375 0.04765625
0 0.461328125 0.820703125 0.01640625 0.02578125
0 0.3851538207598576 0.8331622850160263 0.037713487552445454 0.02469246515360961
0 0.35328805281347186 0.8188034018949919 0.025402741701630305 0.01647073738612832
0 0.28810658839389325 0.7966580560250096 0.04433034045687485 0.019469251814098597
0 0.07140526308386556 0.8366208239963588 0.019637993776222728 0.012373514427970278
0 0.15454243818643407 0.7923834844757214 0.00894894751048909 0.004987600362819755
0 0.031904593892724355 0.8243328723636703 0.017057445435896667 0.009166668874474126