0 0.18846935421682448 0.4958899268679371 0.0349433013327836 0.01973123789975162
0 0.21922108062875018 0.4457194826351943 0.021411998746358664 0.01106021984757497
0 0.32940306852130286 0.41734878249962104 0.016633570533113408 0.007907948770336048
0 0.6511159383088823 0.5410905490883647 0.018264266693047482 0.010260789129415571
0 0.316804954375109 0.9150428852044389 0.06825590650563296 0.03710963544042354
0 0.040234375 0.9421875 0.08046875 0.0453125
0 0.10217598462710083 0.868643377347196 0.024491534639736124 0.009515900565734014
0 0.19423427824018127 0.8591249437512684 0.016610838479802225 0.007126698770336048
0 0.15707525903985128 0.8476243623691792 0.01263639231986815 0.004760222872636888
0 0.12116049109316265 0.8470521906280105 0.02049435642649069 0.006368174668035032
0 0.11001422251965343 0.8408680957313376 0.021321070533113405 0.00793521984757497
0 0.505859375 0.78125 0.01171875 0.0265625
0 0.6463973460681565 0.6905001966290367 0.03335806927947225 0.018940897540672096
0 0.7854000100956369 0.7185928594914108 0.03652853338609478 0.020521578258831143
0 0.6281462769865399 0.6331942237073018 0.02049435642649087 0.006368174668035032