0 0.405859375 0.46015625 0.01953125 0.01875
0 0.4707863115484727 0.19666609418493186 0.010574477298576569 0.018797797424624462
0 0.4664628140654692 0.22867344547261964 0.009902330072118205 0.02342152454580724
0 0.8664030900431949 0.2913249544115434 0.03908199021635426 0.07102984818322895
0 0.82890625 0.027734375 0.05 0.05546875
0 0.9055068036646879 0.07852187206471894 0.01071994766329869 0.025047797424624464
0 0.9177905577487506 0.1707571694893434 0.007413109707395904 0.016980205909355384
0 0.9282458605604171 0.13418187623219388 0.0049784407294446 0.012882637272903707
0 0.9274094059632644 0.0982443762321938 0.006722778685347208 0.020822683030538157
0 0.9333866490294103 0.08703580926273195 0.00830346248093754 0.02173147878817261
0 0.35525772976711834 0.699775183199716 0.010756315254479176 0.026610297424624462
0 0.40009358486703184 0.9510107021405794 0.01595296153100705 0.04886793469752817
0 0.88046875 0.9890625 0.015625 0.021875