0 0.030011107341668185 0.4544696741056601 0.034661372158978666 0.017206337005972294
0 0.056679837252647226 0.41643423195131984 0.03398921631478 0.02343815321038196
0 0.21535540786949828 0.4248130424561464 0.021284664772652385 0.01142846248093754
0 0.944952291797952 0.1891736154522401 0.028425008928453722 0.017842116641249996
0 0.9763201814084486 0.1742850591736463 0.02767103246740419 0.01938643284565984
0 0.9601019819362786 0.13993700826184075 0.018105117694751628 0.00823072729857639
0 0.1640372798249583 0.9126120952678131 0.055096603084255236 0.024710365691319503
0 0.7504639291763351 0.951923942723021 0.032385806006354476 0.021058035619201478
0 0.972441204947399 0.9629475156706603 0.041788079545304765 0.02283874116628475
0 0.8518803788520236 0.9011810199453476 0.022860801542127617 0.012246080072118203
0 0.8653545206946337 0.8901711113681774 0.02439602800317715 0.01071994766329869