0 0.29841748360319825 0.29638632788851815 0.02409259724103805 0.014001943244739756
0 0.23799676136216022 0.28771628316260467 0.05994488805964089 0.029536108111849656
0 0.2536898207810422 0.2580992331164621 0.016774742198083815 0.008082610271317847
0 0.271619288216611 0.24871958590808257 0.021666960085908116 0.012289248920265904
0 0.2612018880018404 0.2219515808185662 0.010483798620519024 0.006900842072720436
0 0.9246828728502638 0.349090424510888 0.035357645861557076 0.020952850092285046
0 0.847951075869425 0.28345898095699373 0.05735547659425162 0.02469841378737563
0 0.589493444707189 0.24279891232465783 0.02413354081860284 0.014783193244739756
0 0.7104455531988456 0.22485758983942308 0.009620661465389268 0.005288277297895938
0 0.6703561417334564 0.22272339335548086 0.012046298620519025 0.007000971622369789
0 0.5676455605485062 0.214803721470099 0.02154412935321366 0.009945498920265906
0 0.21939450729186002 0.5515085298449605 0.018501016508343328 0.0113077398209672
0 0.191796875 0.532421875 0.02734375 0.00546875
0 0.9021422698992454 0.540117739055 0.03202792797373277 0.01684634099298634
0 0.9523248549851537 0.5478761258536341 0.01685662935321357 0.009645110271317847