0 0.6519008068020137 0.25556666042648735 0.03999052678548622 0.07366021379745061
0 0.66513398447151 0.3917993366561513 0.019586454597152782 0.03604658430895533
0 0.6283525710025171 0.344363527863832 0.01142846248093754 0.021157382513557366
0 0.5849880233670137 0.14347118140553028 0.013881315254479176 0.02585851805217674
0 0.6067266449000865 0.14920329137841565 0.009756859707395904 0.016460792154477665
0 0.6115404516536456 0.19409107753186708 0.01971374116628475 0.04151533430895542
0 0.518674651976111 0.489333127249 0.04289732123840277 0.06430339451560987
0 0.519306185743906 0.7139084134024515 0.026926829122187534 0.04936874092481371
0 0.5012017104873608 0.6862831227114069 0.01631598423243048 0.0297784035907962
0 0.4871762312889233 0.6512132311226633 0.01627961664125017 0.02821590359079611
0 0.5125194371688018 0.753786252249 0.016206881458888843 0.025090903590796198
0 0.5052969307099129 0.7788248862750884 0.008121624525034754 0.013326701795397966
0 0.4909246529744961 0.8257771543272652 0.015698388392743113 0.03680510841125635