0 0.245703125 0.06458580287859358 0.00625 0.017624542574646896
0 0.576171875 0.18147015918916018 0.00703125 0.02392917289647798
0 0.60546875 0.2434840221205027 0.01171875 0.029725704827463062
0 0.6125 0.11447672422402491 0.0078125 0.02398380321830871
0 0.0703125 0.9296175361183592 0.02734375 0.059724561264080475
0 0.5125 0.9635804957634498 0.02578125 0.05805280062041866
0 0.4578125 0.5306858682916106 0.02890625 0.07389632190774212
0 0.48515625 0.5526019320275303 0.01640625 0.06130348675844823
0 0.54296875 0.9454342882120461 0.01328125 0.0423349654711247
0 0.558984375 0.8986112416145133 0.01171875 0.03910070482746306
0 0.55859375 0.8236385567754286 0.009375 0.02799931386197052
0 0.5671875 0.8136626232352893 0.0078125 0.02710880321830871
0 0.562890625 0.633884965005359 0.00625 0.016062042574646895