0 0.3016447872135256 0.05786425659741053 0.011551265439406322 0.021411998746358664
0 0.9421997594688163 0.282575408913155 0.029920832211595895 0.06253710391920819
0 0.8716611131901688 0.3286104971951014 0.011596729546028861 0.022974498746358662
0 0.8515501958307296 0.3479640708623178 0.014076871865896835 0.02773019490629274
0 0.8263743510827213 0.2995349310497322 0.009162051332783605 0.019781302586424764
0 0.7996796388565606 0.31674215726380234 0.00828987311953817 0.016633570533113408
0 0.296048005081072 0.7272136501709199 0.006636444906292738 0.013463106426490689
0 0.8921272428090223 0.862831727170095 0.01818771034569906 0.03487510517284953
0 0.8425359028444698 0.6995330994649569 0.015866692399010417 0.035588159012915455
0 0.8393737989252615 0.7275899033050229 0.009162051332783605 0.019781302586424764
0 0.8382330161659872 0.7533597872783673 0.00945756802583091 0.029937552586424766
0 0.8198898446166595 0.658214771838961 0.004960284639736123 0.00951139231986815
0 0.7978090818823915 0.6243410512662766 0.008562657759274117 0.026008570533113406
0 0.8911599562888244 0.855766379090128 0.021585494985435005 0.044341033386094963
0 0.8432603227111916 0.7015089565182683 0.01818771034569906 0.03487510517284953
0 0.8401095848186388 0.7291751353583342 0.011687657759274116 0.02609949874635884
0 0.8374631321926429 0.7529464302250559 0.008562657759274117 0.026008570533113406
0 0.8194878535900039 0.6585940308123054 0.006590980799670021 0.01190060642649069
0 0.7974411889357029 0.6235484352396209 0.008426265439406323 0.021321070533113405