0 0.2997716280636558 0.33660046425448087 0.023257183540139437 0.008857379336408932
0 0.51015625 0.26875 0.0203125 0.0125
0 0.31161837714286317 0.8602604119191856 0.13585537252816077 0.05622382268458992
0 0.22993151655730912 0.7990510129296851 0.10774679802252862 0.044968149347544895
0 0.15105008678795392 0.7276444559397073 0.024874313861970344 0.009656810669954297
0 0.05915216389147613 0.7216768139521158 0.016843292574646895 0.006440904002227121
0 0.09499682874218225 0.7087495526137978 0.012827781930985261 0.004832950668363622
0 0.13082506809852051 0.7067688819422526 0.020694912252816167 0.005705107336090798
0 0.14210677552387355 0.7003825219406619 0.0215854228964778 0.007276698002863569
0 0.8541911483041359 0.7380456066001168 0.037958821907742114 0.029324420671545327
0 0.7919398436608314 0.70319416760823 0.06361438576971246 0.03899032200827222
0 0.5762903874083726 0.6662182493037967 0.043045159654926037 0.02391930533895419
0 0.567019294213307 0.6342688153047513 0.026764595792955603 0.014362492003499839