0 0.20261663659693507 0.3300051187992562 0.017642033338636055 0.039863020678164315
0 0.1554600995982077 0.3228315506642083 0.01676987667090888 0.032014133374611474
0 0.18653973289309586 0.6044336343078796 0.009565904002227298 0.01684289764263518
0 0.6281626239457525 0.018487575995185246 0.017514764003817972 0.028925520678164496
0 0.60234375 0.0046875 0.0203125 0.009375
0 0.576177681612048 0.023641706681455023 0.008021585335772663 0.018332623035529315
0 0.85390625 0.659375 0.0328125 0.059375
0 0.8652685482972744 0.7894464891464438 0.029397146005727137 0.04353383023145838
0 0.8445196962921837 0.8278925590388198 0.024818734006999677 0.052690506410140794
0 0.895703125 0.971484375 0.05078125 0.05703125
0 0.8288941489497296 0.8957714178063256 0.023219871339908948 0.04949273180303493
0 0.79375 0.9921875 0.0078125 0.015625