0 0.969921875 0.162109375 0.06015625 0.32265625
0 0.9298610519002988 0.31094540168602897 0.024805254962398847 0.0811625186894334
0 0.8974199062221345 0.29597042972017906 0.02480525496239867 0.0811625186894334
0 0.2867511186900485 0.8968030871553673 0.03915669933804615 0.05491137512605082
0 0.390625 0.969140625 0.05 0.06171875
0 0.8192028609368641 0.6622292142490543 0.0675428726212445 0.16280028478097686
0 0.772789106491194 0.6333392077543292 0.029636150123834425 0.0511308112640803
0 0.7539962570293133 0.5327600535472848 0.05513060980096292 0.11365259059717552
0 0.7700794451997078 0.8780725535472849 0.04739088440806878 0.11466878737886681
0 0.7259462435876045 0.7130347385124202 0.040886173283198345 0.10876299480421991
0 0.836328125 0.491015625 0.07578125 0.06328125