0 0.3814710388986972 0.5587922402345031 0.02859843189572935 0.05486111479078985
0 0.3138143528704509 0.3918428258528664 0.011464830072118204 0.023038195916316083
0 0.3814710388986972 0.5587922402345031 0.02859843189572935 0.05486111479078985
0 0.3138143528704509 0.3918428258528664 0.011464830072118204 0.023038195916316083
0 0.9415399625778467 0.33361366360181444 0.014680749050069507 0.02705357332097762
0 0.9350889610107807 0.3924207065692391 0.01475348423243048 0.03017857332097762
0 0.9176374693695306 0.41995914676918245 0.01235518284565984 0.02775297776748147
0 0.9020481837503294 0.4514720415970393 0.008194359707395904 0.016679068511654193
0 0.8887860973614925 0.39979545235047886 0.00986596248093754 0.021421132213985138
0 0.8874333642211626 0.3571354817969826 0.00737674211621524 0.01508928666048881
0 0.8826617509046695 0.478161027169069 0.013245535619201476 0.032467759618646855
0 0.40234375 0.81015625 0.034375 0.1328125