0 0.0921875 0.071484375 0.184375 0.14296875
0 0.2940292747600616 0.6185845831360328 0.024132975243233545 0.04052571159934022
0 0.27216504728471447 0.6633389735754389 0.014539786931630872 0.027752926959604095
0 0.24588891944369307 0.6477056133880245 0.013731263392680581 0.026167694906292737
0 0.2521241927791248 0.5588973460681566 0.008907395697928778 0.01821880258642459
0 0.2441188009365149 0.5478079076279256 0.009743192775829712 0.021366534639735944
0 0.855859375 0.966796875 0.03828125 0.06640625
0 0.8515254675375388 0.9200029879590594 0.023955697240056396 0.03036946159934022
0 0.845964124396035 0.8807317193855504 0.03289036647693564 0.05015076418576499
0 0.9046875 0.983203125 0.0359375 0.03359375
0 0.9057478220398332 0.5424444577070678 0.03875458279171564 0.07296613855894432