0 0.2446125455884567 0.3634448687081494 0.2294160462166765 0.1403002456646755
0 0.3374453752898641 0.23819678850071901 0.1922510150029096 0.09361117337435151
0 0.34444448097454766 0.1619565629823394 0.1329079659112951 0.069803235014259
0 0.2654106207479362 0.15141854137544106 0.11417394136548786 0.05885617309152753
0 0.21697305627895921 0.13665234955173727 0.10181746257731525 0.050018415315833134
0 0.2811788840838558 0.08177998463650589 0.07174732530441155 0.04273359561740726
0 0.0453125 0.335546875 0.090625 0.07734375
0 0.036328125 0.2921875 0.07265625 0.0609375
0 0.1148208827913189 0.21927821331243152 0.08065993969849786 0.047391701319583215
0 0.744921875 0.29921875 0.51015625 0.4015625
0 0.2140625 0.741796875 0.428125 0.35546875
0 0.5390625 0.589453125 0.0984375 0.17890625