0 0.18442047654145455 0.23778208590808259 0.047305305759574166 0.05587856261535649
0 0.30958776752764017 0.2654938236480232 0.030675915152690792 0.033052331893687815
0 0.449343588060603 0.24722094926171945 0.023724413485700778 0.02405806369509058
0 0.5177910214655942 0.1332801615540781 0.03427914727484325 0.05815246144333717
0 0.48613480782526297 0.02928832241140551 0.01527418469752817 0.015744915946843817
0 0.44737500335822566 0.10284513957641117 0.015720594849248926 0.021213665946843818
0 0.41328125 0.17734375 0.0078125 0.028125
0 0.5015600501788762 0.16534109114986997 0.04945760818516849 0.09176599784053181
0 0.45220608903903 0.07544143160298926 0.019834138939893543 0.014482804595791876
0 0.03323996912458873 0.9179000963916571 0.04016248545613248 0.04454054441675907
0 0.5830505200884682 0.5088506604743439 0.03984349212409226 0.07871528531746037
0 0.7392847380412063 0.45054050663528855 0.0274392159112951 0.060045628469915166
0 0.5860721953880307 0.41598728601421103 0.025844893940863402 0.040514378469915166
0 0.5928793377464932 0.6821728917358796 0.09304772470528677 0.2258999683831675