0 0.27274562744077546 0.23111885351751837 0.06202027837152997 0.0686208680512765
0 0.32890169338828884 0.19671915880656798 0.0516139757851052 0.05925752344521671
0 0.1420903239964209 0.39604788173662 0.05790943989172783 0.06129362012586874
0 0.048828125 0.44609375 0.09140625 0.0875
0 0.08970646423797142 0.3448177297669182 0.07867658095795474 0.07845780933798814
0 0.0336580468785322 0.32909902530770563 0.04885268863808663 0.07152072510489074
0 0.30145630647869714 0.30293419262474697 0.033903638558944314 0.03998638257342346
0 0.3446493711725693 0.2804783908601823 0.04529577962517113 0.05644017676456468
0 0.14563638390683736 0.2622823606783456 0.08326479255729495 0.10219130726339572
0 0.389453125 0.6765625 0.30703125 0.3734375
0 0.858984375 0.899609375 0.07890625 0.20078125