0 0.23935261044480266 0.14041800526455733 0.22153523801910033 0.14813401473252696
0 0.17647808245350244 0.8587347219397763 0.12519346215838478 0.07336984318774994
0 0.16697908608169953 0.7727244990671392 0.09194445253973793 0.06067894564707803
0 0.3270348877607218 0.78772103346257 0.13091767250267114 0.10308461426498887
0 0.2865252050488407 0.8625005922548892 0.14841270734906137 0.0672561985739442
0 0.2922642843602682 0.9219210440502874 0.08881945253973793 0.06066076492891881
0 0.36793765155571984 0.8918863586963391 0.06774306070710594 0.0386675902608836
0 0.426953125 0.94921875 0.08515625 0.071875
0 0.19813235500250706 0.8092412490180413 0.0543526833024444 0.03546532220870695
0 0.5415710697972218 0.8674802145735127 0.041907247004775175 0.036955099336070066
0 0.5087660208393472 0.7887577839044514 0.05432540145127884 0.03468407220870695
0 0.7669133375369028 0.8254230335116679 0.055925106986241604 0.05812611738824671
0 0.8521935839087058 0.9118741387996664 0.06758929328391083 0.056631795081344194
0 0.6602578270112068 0.8587938092737938 0.08010665145127885 0.034834063133520485