0 0.470703125 0.0640625 0.17578125 0.128125
0 0.7336820561364235 0.005135844221029129 0.004124455547083272 0.009693864394086349
0 0.6557960052730726 0.3362660283145832 0.0048875217514929405 0.008976387272903707
0 0.0203125 0.5515625 0.040625 0.0859375
0 0.09695356102824641 0.5633697596878298 0.07681837955902786 0.08424719636645772
0 0.170288763916163 0.6790269040031461 0.039299542553055566 0.04687487106204609
0 0.06916850085621488 0.8358266388553046 0.07712815729444458 0.1310584234876405
0 0.01484375 0.858203125 0.0296875 0.05390625
0 0.2322558815557981 0.9815861292278181 0.020985300436840326 0.030564344849248925
0 0.2287688386699475 0.9136412779401303 0.024310322188333355 0.03941318636451818
0 0.7819156151226385 0.6466214557401775 0.010574477298576569 0.018797797424624462
0 0.7819156151226385 0.6466214557401775 0.010574477298576569 0.018797797424624462