0 0.22421875 0.4796875 0.23125 0.0796875
0 0.49140625 0.11484375 0.303125 0.14375
0 0.4015625 0.02890625 0.1234375 0.0578125
0 0.3890625 0.179296875 0.0984375 0.20078125
0 0.551953125 0.344921875 0.42421875 0.17890625
0 0.840625 0.3234375 0.31875 0.2953125
0 0.938671875 0.508203125 0.11015625 0.02265625
0 0.979296875 0.11875 0.04140625 0.046875
0 0.90859375 0.17890625 0.1828125 0.1359375
0 0.8268131365633089 0.08722320769456963 0.2250488672111482 0.07847223257806775
0 0.204296875 0.82265625 0.27109375 0.21875
0 0.535546875 0.938671875 0.22109375 0.12265625