0 0.329296875 0.2296875 0.40078125 0.459375
0 0.9828125 0.2 0.034375 0.175
0 0.956640625 0.0953125 0.08671875 0.190625
0 0.9130306395258302 0.37593842851519615 0.09437869418223173 0.1372175026992924
0 0.416015625 0.926953125 0.11640625 0.14609375
0 0.3430106054383012 0.8400492260187187 0.06840910178688589 0.09241356556176542
0 0.18125671610384514 0.9200650915828064 0.056898598821136306 0.07752227137062437
0 0.17982086804273675 0.7928339130559993 0.04399935079830275 0.08589087842423862
0 0.16508785323257963 0.6669997524755777 0.03960101087441501 0.05440408008391255
0 0.1562155775294171 0.7891707504009854 0.04396485870696818 0.12327247925407558
0 0.08530754614190136 0.9429124409627508 0.05909776878308044 0.09326567054078723
0 0.31312808174948614 0.5603743040280389 0.07090936068413463 0.134660265146847
0 0.36796875 0.499609375 0.0625 0.08046875
0 0.93203125 0.548046875 0.1359375 0.17734375