0 0.4671875 0.25703125 0.2828125 0.1453125
0 0.29453125 0.05703125 0.1734375 0.1140625
0 0.4444729856144388 0.04410991748339077 0.1066245114327451 0.062177429826504496
0 0.763671875 0.26015625 0.26796875 0.1390625
0 0.354296875 0.511328125 0.55078125 0.29453125
0 0.8519891190519593 0.49028235733665715 0.03123264183263199 0.023827526218161754
0 0.9162227612010774 0.577415567160393 0.09349702885594055 0.04340764342931003
0 0.8736421635594054 0.6304212499953874 0.05502480589778251 0.0354857194629016
0 0.7762785628800997 0.5544165048541911 0.053571433302444224 0.03851058991325225
0 0.739029094499597 0.8158907757521238 0.0915724303072194 0.07758238433001133
0 0.680859375 0.89296875 0.10234375 0.128125
0 0.8675571158250662 0.7909984033730175 0.0481026833024444 0.03816013648947969
0 0.9078125 0.927734375 0.184375 0.11328125
0 0.9640625 0.81484375 0.071875 0.1140625
0 0.657677368461396 0.5175848812430797 0.03489335517214318 0.017046600092285046
0 0.8354018197775985 0.5063684322905146 0.05246280108845909 0.02908552513842757
0 0.8023264249497417 0.5190593969730543 0.0399355192372937 0.027503238741233015