0 0.275 0.35703125 0.55 0.325
0 0.82890625 0.4484375 0.3421875 0.1421875
0 0.166015625 0.97109375 0.27421875 0.0578125
0 0.2149767417132412 0.763211503067596 0.20766097987877555 0.13778245948776907
0 0.15128507708388117 0.6479370183091466 0.16263189979486298 0.09905492860895677
0 0.15208871525638212 0.5762438747356373 0.11248926722143934 0.06485577335696498
0 0.2546585308181476 0.6439291313995549 0.14227185560372177 0.08754912727617334
0 0.38959731079949156 0.7324341791692703 0.11194481556176542 0.06795804130365361
0 0.39802465613049753 0.6944825439422848 0.0915847713706242 0.05645223997087019
0 0.3334400926433245 0.6240049078906229 0.058073531743586496 0.0359889757851052
0 0.21929369834729268 0.5629985544003796 0.08216222717948315 0.045264687384445425
0 0.2564205564382031 0.5488780500126353 0.08690892676456467 0.04618232970431339
0 0.4454732462750224 0.6674104043275549 0.08894502344521679 0.05247779381093611
0 0.944140625 0.76171875 0.11171875 0.0625