0 0.196484375 0.29296875 0.39296875 0.5859375
0 0.8191244538831082 0.48536642893982646 0.07992650218420146 0.14675899122451136
0 0.8432354075303303 0.5472071993937976 0.1343405920399654 0.10306046700961655
0 0.945703125 0.384375 0.10859375 0.4703125
0 0.7600468736688197 0.36551876177824305 0.05507066612815983 0.08513952962517113
0 0.6960295065526045 0.35252767412311725 0.04393379758704867 0.10979854882550111
0 0.25546875 0.6828125 0.10625 0.1265625
0 0.05977961597565993 0.8501016369095918 0.11114013459302097 0.14610577335696498
0 0.381640625 0.7953125 0.13671875 0.21875
0 0.28754191987942734 0.8782636004226472 0.08441332722232656 0.10473061559769077
0 0.739453125 0.763671875 0.52109375 0.28828125