0 0.4283306223281153 0.16268647621695448 0.1524634219450391 0.06483524958571518
0 0.18683828153888654 0.060299818856664224 0.12328438730530315 0.05411391935425689
0 0.058984375 0.10625 0.11796875 0.0765625
0 0.071875 0.2171875 0.14375 0.1078125
0 0.048828125 0.2984375 0.09765625 0.115625
0 0.4046875 0.0234375 0.1609375 0.046875
0 0.277734375 0.385546875 0.55546875 0.16796875
0 0.859765625 0.234765625 0.28046875 0.46953125
0 0.7 0.558203125 0.0390625 0.11953125
0 0.521875 0.48359375 0.15 0.028125
0 0.076171875 0.5078125 0.11796875 0.0765625
0 0.650390625 0.741015625 0.13828125 0.19609375
0 0.5768393243272906 0.660786855145896 0.10801473997087001 0.09241228597964532
0 0.30625 0.880078125 0.4625 0.23984375
0 0.3648897310307794 0.5378715280170641 0.0892958322115959 0.06579412799792798