0 0.03203125 0.322265625 0.0640625 0.11484375
0 0.02265625 0.172265625 0.0453125 0.10703125
0 0.0265625 0.07265625 0.053125 0.1453125
0 0.20364390611121452 0.851715762094156 0.20884146288594838 0.29488877667402047
0 0.7463521347821784 0.878207641539826 0.06893898677523325 0.07333264619489306
0 0.8224309744423615 0.6861892695377539 0.13858987606836273 0.2659054439613627
0 0.53515625 0.876953125 0.090625 0.09609375
0 0.6203494113375927 0.6210693257835337 0.11305998407381015 0.1486258986760925
0 0.50859375 0.49921875 0.0375 0.0703125
0 0.6883238365352369 0.4169865243977089 0.05947298151356133 0.07133349855225787
0 0.7548405625047776 0.7831594880037788 0.09625191567207594 0.12758565260503385
0 0.6848539216844685 0.8122337310769094 0.045236176266006824 0.05430866439185813
0 0.6304572426111578 0.9417628154444515 0.07027397362105355 0.0694991708019991
0 0.793359375 0.4578125 0.08828125 0.15625