0 0.098828125 0.119140625 0.18203125 0.23828125
0 0.19138756684877561 0.48351029197168316 0.1578117263722767 0.23130563868554468
0 0.26322327290306313 0.31454611396007 0.12157146637033707 0.17937042134786302
0 0.286328125 0.5546875 0.08203125 0.090625
0 0.3203125 0.08984375 0.1375 0.1796875
0 0.461328125 0.33046875 0.19609375 0.50625
0 0.371484375 0.48984375 0.20546875 0.2203125
0 0.35321047964591357 0.32483790294797965 0.1044957945496865 0.113609061346272
0 0.052734375 0.164453125 0.10546875 0.32890625
0 0.14539810858386737 0.28893840764243295 0.08713295136742749 0.10169940734404506
0 0.08764880124189216 0.46282162398552346 0.15543628333979892 0.17352041068586282
0 0.2265625 0.030859375 0.1046875 0.06171875
0 0.7061440965404847 0.3527722726169795 0.06713918682355988 0.14361418734086334