0 0.382421875 0.401171875 0.08046875 0.07734375
0 0.357114833384583 0.35071515623801286 0.03921531930985189 0.04980855242559414
0 0.34921875 0.40234375 0.053125 0.075
0 0.8174883307482558 0.041986388505097415 0.019809755447881727 0.03890300333397985
0 0.7581658301180019 0.22178565221547003 0.009068997402109957 0.01860647878817261
0 0.760646337911672 0.27620208524600814 0.007959965471124698 0.013855205909355383
0 0.7715017104398327 0.22208854115536356 0.010850018689433406 0.021859024545807237
0 0.7556255201528665 0.25811377721547 0.006288204827463062 0.012165160151720932
0 0.278125 0.7796875 0.4828125 0.440625
0 0.8004629547398496 0.8063519708519218 0.018372941585911205 0.02946423045516262
0 0.8411124109923083 0.7699918304745592 0.024442625126050645 0.03850439060688356