0 0.35 0.028515625 0.059375 0.05546875
0 0.218359375 0.471875 0.32265625 0.2125
0 0.11016813382969666 0.13593477790342512 0.08232668667008766 0.05125849385167993
0 0.68984375 0.319921875 0.6203125 0.63984375
0 0.12901969042211384 0.9344535702542945 0.114657918519715 0.10300734621281223
0 0.14092881708193866 0.8329637931269316 0.08323974687674207 0.07391928903121965
0 0.2555955655203096 0.8703484119295135 0.07377838846548564 0.059020996876741984
0 0.35234375 0.884765625 0.0546875 0.06015625
0 0.34921875 0.753125 0.0609375 0.06875
0 0.10838142876374679 0.6769203383555693 0.07294259631100797 0.04964145169720222
0 0.026953125 0.783984375 0.05390625 0.08828125
0 0.10943311694636541 0.7234092585351091 0.05887555113146812 0.048778388465485635
0 0.691015625 0.760546875 0.57265625 0.24140625