0 0.5099771082498575 0.27833612632798665 0.04254693874502422 0.10557850598392378
0 0.4120741660447923 0.15507850465274348 0.03780108893530461 0.027417138392743113
0 0.3595221690105418 0.16790450655260453 0.053217841901054184 0.04182513050895835
0 0.32735363269870066 0.19252232024001775 0.030561591901054185 0.04129780043684015
0 0.327734375 0.34765625 0.03046875 0.0234375
0 0.2673287045809455 0.1368798443663371 0.015894255437207506 0.02612674211621524
0 0.341676117869953 0.5461772631536637 0.06421900889724856 0.04364220364722229
0 0.1970122166910894 0.616178025787101 0.02346667490485963 0.03957164627652787
0 0.21991713543589492 0.8239363010055211 0.033906767794497125 0.08508416802802081
0 0.22386254747058293 0.6047050836327608 0.044734179847775654 0.06348192496187507
0 0.26580533180525767 0.5709486592880213 0.07244534437251211 0.05398029160312508