0 0.175 0.15390625 0.35 0.3078125
0 0.699323864759005 0.2622645707550641 0.32198693401734035 0.20673399470877074
0 0.175 0.675390625 0.35 0.45078125
0 0.6929289225668082 0.6038328107296108 0.06815773677523325 0.07105793467536321
0 0.8418418056004903 0.7517583300843144 0.13463812343752685 0.2607658720162265
0 0.445703125 0.84453125 0.19140625 0.3109375
0 0.4893419200065594 0.6765146907025665 0.09199705517696728 0.09163406401177224
0 0.6725923701971448 0.8791734370623608 0.11140647881213823 0.14338746801399935
0 0.7385190200136181 0.6868410337364513 0.09464391304124006 0.12367440467854482
0 0.6597037752752899 0.6843603763924063 0.044454926266007 0.05282555533895428
0 0.5564072291297805 0.5854359783776116 0.06944722099021768 0.06638861600890866
0 0.39810612261621914 0.6523905716899989 0.07445323940606911 0.07191191000954503
0 0.9078125 0.944921875 0.0859375 0.11015625