0 0.083984375 0.28125 0.16796875 0.4765625
0 0.944140625 0.21796875 0.11171875 0.0640625
0 0.969921875 0.358984375 0.06015625 0.10546875
0 0.6785644941808316 0.40419028647122984 0.33357179203601817 0.22505708601966745
0 0.41009108463768407 0.11753970798203354 0.12105408524981467 0.05718999582364877
0 0.35234375 0.218359375 0.1859375 0.10390625
0 0.280859375 0.35 0.04296875 0.14375
0 0.7205754528751148 0.043096546406362714 0.19351484561740726 0.07529764427970279
0 0.82890625 0.01640625 0.1359375 0.0328125
0 0.9136754144208785 0.10474959753723087 0.11843693317629622 0.053983150270152436
0 0.1296875 0.793359375 0.259375 0.41328125
0 0.5609895575641655 0.8080543525358135 0.45476257832259215 0.2838095818433162
0 0.425 0.58359375 0.190625 0.128125