0 0.366015625 0.2796875 0.51796875 0.559375
0 0.899609375 0.55390625 0.20078125 0.071875
0 0.951953125 0.52109375 0.09609375 0.103125
0 0.7912732773025086 0.42347947292697974 0.1123776889258032 0.1102673124046877
0 0.7949221610926528 0.32380645464241387 0.1061276889258032 0.1101218420399654
0 0.7968024410114423 0.1845803004821013 0.08216975478036197 0.08928201196784738
0 0.9181727448366545 0.2441303327765459 0.12253393892580319 0.11050370174736131
0 0.943359375 0.3796875 0.11328125 0.1203125
0 0.990625 0.310546875 0.01875 0.13515625
0 0.956640625 0.0859375 0.08671875 0.14375
0 0.76953125 0.087890625 0.2 0.17578125
0 0.3598293187107777 0.7398707521357469 0.17852072794389146 0.25378222948277784
0 0.5234375 0.794921875 0.2921875 0.41015625