0 0.5034743362508219 0.16452299398760753 0.09487724267981754 0.10233531570031093
0 0.615625 0.1765625 0.1078125 0.134375
0 0.4703125 0.2953125 0.2875 0.209375
0 0.4009075912436632 0.2231954623116957 0.11412722935231727 0.14639612884037306
0 0.34358489256448194 0.31865915173188225 0.09506814668204484 0.11874156570031094
0 0.24453125 0.11328125 0.159375 0.2265625
0 0.72890625 0.2 0.11875 0.4
0 0.34529158195418397 0.6128019638035817 0.04500451201463562 0.1103606473268118
0 0.31383058091982186 0.8675878098290928 0.05070961935072642 0.13099166574266316
0 0.8214802699315941 0.6013771583442656 0.20419934070654372 0.3054441761248327
0 0.72265625 0.919921875 0.10625 0.16015625