0 0.298046875 0.244921875 0.42265625 0.48984375
0 0.7746313606097723 0.3603173060030591 0.1231257766917457 0.1286216521907507
0 0.685493911997507 0.31263487235920184 0.08891260277546911 0.09367390787279355
0 0.7632057237653648 0.21861104707460538 0.07202885030401127 0.08166878571381489
0 0.8167147022822713 0.12377385693627874 0.07287376730020548 0.08324492248329012
0 0.6929475856852283 0.08174140543551389 0.08228060079830275 0.08418981371699212
0 0.922265625 0.264453125 0.15546875 0.19140625
0 0.521875 0.1078125 0.025 0.121875
0 0.534765625 0.285546875 0.05078125 0.07890625
0 0.5883317632715108 0.4235189151763942 0.10617835722409338 0.11505403003177203
0 0.5725628304765762 0.3020637907853022 0.058860346843970034 0.06504434740221221
0 0.2546875 0.7375 0.509375 0.4953125
0 0.65703125 0.744921875 0.2953125 0.51015625