0 0.03229842039692947 0.2803721459967846 0.05775494629109836 0.07720699220632987
0 0.0234375 0.333203125 0.034375 0.01328125
0 0.012890625 0.114453125 0.02578125 0.06640625
0 0.1451752176606817 0.25829736314500673 0.04197281603337366 0.04341114641337427
0 0.1117939509829963 0.1337563670418418 0.039093477498762755 0.04788012512605082
0 0.13247992622048113 0.12002432589219066 0.0233899123699004 0.03043589901126431
0 0.16475131501529106 0.06001000553549511 0.03420125961093845 0.04364609319506556
0 0.059765625 0.0109375 0.04765625 0.021875
0 0.175 0.305078125 0.04375 0.06953125
0 0.12328971195070144 0.21200973009923504 0.07790034995457144 0.09029150025210146
0 0.1671875 0.015234375 0.034375 0.03046875
0 0.138671875 0.009375 0.03515625 0.01875
0 0.75546875 0.273046875 0.3234375 0.13359375
0 0.8484375 0.748046875 0.303125 0.39453125
0 0.9216757205435574 0.8983315913150429 0.1317047806418376 0.18123321052744606