0 0.382421875 0.13359375 0.41484375 0.2671875
0 0.6140625 0.366796875 0.0484375 0.16640625
0 0.629296875 0.0796875 0.07890625 0.159375
0 0.7270666135242685 0.07208159260324902 0.05421054443664737 0.1135433299535138
0 0.7444239922558843 0.18645830794832294 0.04573962516934209 0.11528614641337427
0 0.8093723018441086 0.09824008300643072 0.04655849672063965 0.13091114641337426
0 0.06484375 0.82265625 0.1296875 0.3546875
0 0.16352587432263146 0.7260671111666317 0.09111408016686777 0.20875192314857927
0 0.23261725067939815 0.685040778489177 0.04180239767057934 0.06986438576971254
0 0.20078125 0.502734375 0.0953125 0.10546875
0 0.3375017031327324 0.5477159230994031 0.038643098145549185 0.03928637512605082