0 0.35546875 0.525 0.06953125 0.043359375
0 0.121875 0.818359375 0.15390625 0.1765625
0 0.202734375 0.88828125 0.082421875 0.103515625
0 0.329296875 0.728515625 0.091796875 0.08984375
0 0.427734375 0.744921875 0.09375 0.083203125
0 0.565625 0.76484375 0.076953125 0.06328125
0 0.4859375 0.8765625 0.090234375 0.1
0 0.3453125 0.894921875 0.09765625 0.11015625
0 0.4015625 0.971484375 0.127734375 0.05
0 0.633984375 0.9484375 0.127734375 0.083203125
0 0.45859375 0.569921875 0.04296875 0.03984375
0 0.42109375 0.543359375 0.035546875 0.019921875
0 0.52734375 0.519921875 0.15390625 0.133203125
0 0.771875 0.706640625 0.324609375 0.233203125
0 0.933203125 0.906640625 0.129296875 0.180078125
0 0.669921875 0.418359375 0.075 0.03671875
0 0.12109375 0.543359375 0.06171875 0.053515625