0 0.378515625 0.180078125 0.22265625 0.27890625
0 0.608203125 0.069140625 0.23671875 0.13828125
0 0.8078125 0.0625 0.2078125 0.125
0 0.4203125 0.346484375 0.0765625 0.05390625
0 0.6810844874303342 0.580859375 0.08621394780928675 0.14375
0 0.7884411721096415 0.60546875 0.08417407468974858 0.12734375
0 0.7401569252104909 0.812109375 0.11229672618081654 0.2078125
0 0.9106118292088414 0.870703125 0.08707175415663518 0.11953125
0 0.8658651416265404 0.715625 0.09127117234075062 0.21015625
0 0.6065521857018392 0.408984375 0.056906881037097 0.103125
0 0.5807745988713898 0.543359375 0.10280205423577744 0.15
0 0.685546875 0.372265625 0.06328125 0.10546875
0 0.5564871357872991 0.688671875 0.07577054130365361 0.10703125