0 0.391015625 0.205078125 0.19453125 0.41015625
0 0.743359375 0.189453125 0.20703125 0.37890625
0 0.26171875 0.8796875 0.165625 0.240625
0 0.18252803476683982 0.7334858175197869 0.07023091224241754 0.0733581436467304
0 0.17500247584144796 0.5618104695616291 0.08311126577154689 0.16107639845605384
0 0.276953125 0.500390625 0.16015625 0.14140625
0 0.09342151173421938 0.5912921276363298 0.05436911390209147 0.06968750662342202
0 0.570703125 0.635546875 0.13828125 0.37890625
0 0.3986651187878337 0.567316391979482 0.08557341494170992 0.16272074400955017
0 0.467578125 0.823046875 0.24296875 0.35390625
0 0.17734375 0.946875 0.0703125 0.10625
0 0.07476215634260122 0.6965165855759544 0.06756785352912935 0.0896279843909035
0 0.911328125 0.4421875 0.05703125 0.025