0 0.506640625 0.33046875 0.06640625 0.0546875
0 0.4583279358765161 0.2710683271047299 0.08149937634964602 0.04589492694751698
0 0.1148282348415421 0.16885166761037854 0.04798813672260849 0.02580456939903506
0 0.2511097382657807 0.13055173680589505 0.042696985477853035 0.028052862012708957
0 0.21092290745692174 0.11889830640844856 0.02611313672260849 0.02542273985373029
0 0.17180213048722007 0.06736703408731426 0.03579579004195636 0.01935001785690744
0 0.2572758439697488 0.18854833319380981 0.059576832158504976 0.034589234171687445
0 0.689549720007045 0.4235217794212165 0.06931868506293445 0.029297762174864773
0 0.8383249344266236 0.40617043546728604 0.03081229211654879 0.015361947240056396
0 0.24354476938466724 0.9481214717916566 0.012251546265733637 0.007235801542127618
0 0.8629988754009853 0.9547462802319954 0.05434488049883122 0.037618776785361165