0 0.16875 0.235546875 0.321875 0.33203125
0 0.6587341858871903 0.10625 0.0489188568519765 0.05390625
0 0.7828125 0.151171875 0.4296875 0.30234375
0 0.16484375 0.71484375 0.3296875 0.5703125
0 0.6525981719230384 0.7703125 0.18570396313812604 0.30859375
0 0.5331526707356138 0.846484375 0.13812187697836453 0.1609375
0 0.553515625 0.981640625 0.06640625 0.03671875
0 0.70703125 0.916015625 0.2375 0.16796875
0 0.878125 0.775390625 0.24375 0.44921875
0 0.8515625 0.532421875 0.296875 0.20546875
0 0.63984375 0.483984375 0.109375 0.10859375