0 0.146875 0.30546875 0.29375 0.3890625
0 0.51875 0.435546875 0.08125 0.11484375
0 0.505859375 0.269921875 0.10703125 0.11953125
0 0.4344245627871263 0.31504921809354114 0.13221180247554418 0.16548973468331737
0 0.38959588012049756 0.07484638675601862 0.10112142619541978 0.1276533800127267
0 0.46484375 0.0234375 0.0640625 0.046875
0 0.6674211033886153 0.39176061941038276 0.14789844468185845 0.05949427335295354
0 0.21698846388372406 0.8346720886974758 0.3963190760824803 0.2497578360518613
0 0.480864007186636 0.9618771227323151 0.06334913943430394 0.04211532200827221
0 0.9046875 0.666015625 0.190625 0.33203125
0 0.8890625 0.792578125 0.221875 0.21796875
0 0.662109375 0.903125 0.20546875 0.18125