0 0.20056375071085109 0.20356437613165373 0.02725413744281262 0.06463238805964089
0 0.15408100873680602 0.29008725294067605 0.023383601823611145 0.03243736374938137
0 0.1798710240294102 0.2723093930922527 0.031068815254479177 0.027378049525030156
0 0.12674439100345528 0.19100682242275208 0.014444359707395904 0.017143234396167807
0 0.15189895326597264 0.19633725294067608 0.030142094889756964 0.02108710594746537
0 0.1752546261858164 0.19159332061372983 0.023383601823611145 0.03243736374938137
0 0.559813750378056 0.27677224304682424 0.021711999050069507 0.02766797659425162
0 0.31235784873474015 0.7457341867379604 0.02334723423243048 0.030874863749381375
0 0.326991505269879 0.6855198433978804 0.020404072188333445 0.03852358943912186
0 0.34227231957442755 0.7371266090017127 0.02581827080156245 0.0364664444820761
0 0.7116535267370316 0.6787962098607954 0.01887793977951393 0.04000420228399211
0 0.7392703602760767 0.7058992814348071 0.00823072729857639 0.01837818577564878
0 0.7489544848011114 0.7186892085040285 0.0049784407294446 0.012745661465389269