0 0.296875 0.209375 0.1859375 0.1671875
0 0.2825370245374021 0.09628634328430916 0.16259625452255583 0.12928246551297526
0 0.11329902363289097 0.12930796246075751 0.1059910504295413 0.06009205223856355
0 0.15375252600774017 0.27911321065173517 0.2944028544771272 0.22111251865604994
0 0.56640625 0.215625 0.353125 0.3484375
0 0.2960623171092565 0.7570025573847469 0.1617364393936933 0.11287621551297526
0 0.138205011874246 0.8404590671650272 0.20308513568479167 0.18827900723608923
0 0.728125 0.9703125 0.440625 0.059375
0 0.453125 0.866796875 0.1265625 0.15234375
0 0.5050073674252264 0.7386094224908948 0.18592088986866315 0.08375860357261607
0 0.6272978655026329 0.5681990069552054 0.10533595318850324 0.047592052238563554
0 0.7272862384106971 0.5111484065483783 0.14045125961093846 0.04865326322898302
0 0.6994766624277009 0.8187938102118515 0.10841336555840364 0.07658018939369331
0 0.9261592107653065 0.7005661527609917 0.059491186680159916 0.0350610747398008
0 0.96640625 0.725390625 0.0671875 0.04453125
0 0.8237069974000379 0.5890698100425095 0.06816350180902227 0.05187676051544958
0 0.4375 0.59296875 0.0953125 0.05625