0 0.234765625 0.274609375 0.46953125 0.28984375
0 0.734765625 0.22578125 0.53046875 0.3875
0 0.080078125 0.880859375 0.16015625 0.23828125
0 0.252442100258045 0.7891714495825067 0.24283968401923312 0.28050622687109106
0 0.444921875 0.90625 0.04921875 0.103125
0 0.14211014591618953 0.494768198661714 0.135813131037097 0.1124121547112475
0 0.023828125 0.475390625 0.04765625 0.08203125
0 0.07421875 0.60625 0.1484375 0.234375
0 0.14683526675955444 0.61372583028249 0.07204013605166182 0.06429172896477801
0 0.08062341346716675 0.6518812121553673 0.05446619114536908 0.04980861188449896
0 0.560546875 0.70625 0.18203125 0.1875