0 0.40625 0.11408447176667647 0.0390625 0.03196263154179633
0 0.380859375 0.07962580726884401 0.02421875 0.024848081555913736
0 0.221875 0.18771371764395467 0.11875 0.035041399887060544
0 0.115234375 0.18611232675305836 0.059375 0.03002069994353036
0 0.623828125 0.25666353330897207 0.0453125 0.04092040258848364
0 0.74765625 0.20023261632147804 0.02109375 0.0191973210325699
0 0.640625 0.22013835174599966 0.03203125 0.02295935786427279
0 0.81953125 0.19995262428457297 0.01484375 0.01883329998588259
0 0.61015625 0.1582410793486007 0.11484375 0.06684513673288102
0 0.325 0.8484664480185661 0.0375 0.04437162628012441
0 0.302734375 0.9278882729973897 0.184375 0.07714487087727821
0 0.41328125 0.8659809007341066 0.1015625 0.041071592008670166
0 0.451171875 0.9547896481385643 0.04921875 0.03489791574266334
0 0.34375 0.7684681348785037 0.0796875 0.03901626834526439
0 0.528515625 0.909765625 0.04296875 0.05234375
0 0.42890625 0.9064770981173881 0.03984375 0.0390393841726322
0 0.28046875 0.6998882229762137 0.0265625 0.021078339448421347
0 0.935546875 0.9078311911591275 0.03828125 0.01394837891096028