0 0.4166885006382731 0.39611868640949605 0.046580084210759584 0.08466659393982638
0 0.4094070053231601 0.5064294986720134 0.04271474082661779 0.09160692496187509
0 0.404296875 0.580078125 0.03515625 0.03984375
0 0.623046875 0.58046875 0.02890625 0.0390625
0 0.6240929048673424 0.4891254370266315 0.03022837636523725 0.09365973423243049
0 0.6214360583599428 0.40872942220899267 0.020621572208706952 0.05359777868534721
0 0.6508544223794419 0.11863077246553769 0.03547441256778665 0.05550577080156245
0 0.5550121485226306 0.2790432286297566 0.022065897540671918 0.03332164627652787
0 0.5163107298556219 0.2850214515114754 0.01581589754067192 0.03317617591180557
0 0.9112462403942413 0.7354766465640619 0.028338623438370902 0.037373366641249996
0 0.9363388956939602 0.8532359563095827 0.030950539031219648 0.08352166802802082