0 0.35234375 0.09609375 0.1546875 0.1921875
0 0.16428193795110851 0.16223367999550878 0.23128773402796038 0.14363029721981455
0 0.55703125 0.313671875 0.2546875 0.17265625
0 0.01484375 0.7671875 0.0296875 0.0921875
0 0.01640625 0.89921875 0.0328125 0.1390625
0 0.2076180021632279 0.7920952414475216 0.3715952705454317 0.27464443430759183
0 0.06328125 0.680859375 0.1265625 0.10859375
0 0.16142610393011464 0.6492492038649985 0.11090345643355874 0.0911902194628702
0 0.04296875 0.49609375 0.0859375 0.15
0 0.8664664949021542 0.7524275029696513 0.22982032241024264 0.16523189514629594
0 0.8921875 0.88984375 0.215625 0.128125
0 0.573046875 0.850390625 0.28671875 0.19296875
0 0.6288126682424803 0.7284897701230545 0.16673905933798813 0.09064270678620331
0 0.5117337572494626 0.6026415866639343 0.09983497925407558 0.04753796427907382
0 0.82265625 0.60546875 0.3546875 0.1375