0 0.17927696139818558 0.25544070688271264 0.08937252404661714 0.037423226366887975
0 0.38671875 0.212109375 0.0265625 0.01953125
0 0.32512641933781017 0.23901213158233858 0.07735367368379738 0.02801002153942491
0 0.29367303349562796 0.3323579399964274 0.061837801088459085 0.030042415102807675
0 0.2150209992398008 0.3307738426524251 0.08128720553496285 0.029064423148579266
0 0.667223378142075 0.4602879650160979 0.027807541469812236 0.015193311264080477
0 0.4762846368536725 0.4559425414893662 0.029370041469812237 0.015302571907742113
0 0.5683096903467935 0.4334007239826622 0.03260416887447413 0.01864609319506556
0 0.5041938712445759 0.3968078421097848 0.026245041469812234 0.015084050620418666
0 0.5572147056818129 0.39229226383336846 0.012718254809323426 0.0071240851492937905
0 0.0694778481050081 0.7373367840738483 0.05138145072563951 0.020738470919006425
0 0.048640803049407745 0.6724439395798377 0.02802579627913566 0.0214433112640803
0 0.75234375 0.995703125 0.034375 0.00859375