0 0.209765625 0.294921875 0.41953125 0.58984375
0 0.8907004449692119 0.345266939453787 0.13800555669061296 0.36497442599857094
0 0.7757155339630541 0.4286698473055649 0.07461470150081055 0.20747900025210164
0 0.7071584436530725 0.457874069145364 0.036328385440423536 0.06970049480421991
0 0.60390625 0.573828125 0.0359375 0.03203125
0 0.125 0.673046875 0.25 0.16640625
0 0.6881776812582364 0.934474409994641 0.05120849687674216 0.07698847091900643
0 0.930078125 0.68984375 0.13984375 0.1859375
0 0.8880620396203949 0.9011668322224278 0.0998050781606354 0.10771930087252013
0 0.913671875 0.972265625 0.09296875 0.05546875
0 0.7125 0.98984375 0.025 0.0203125
0 0.683293507709949 0.6992717424199941 0.059765885440423536 0.07133940445914595