0 0.069140625 0.359375 0.05703125 0.140625
0 0.17578125 0.101953125 0.05625 0.20390625
0 0.2875 0.324609375 0.0921875 0.21015625
0 0.405859375 0.386328125 0.04140625 0.08671875
0 0.6171875 0.037890625 0.1953125 0.07578125
0 0.17109375 0.54140625 0.1703125 0.2234375
0 0.3994576404772324 0.926171875 0.06979518825073257 0.10234375
0 0.9357121113512099 0.695703125 0.09072711216700924 0.13671875
0 0.78984375 0.490625 0.1703125 0.121875
0 0.7264133544497181 0.530859375 0.05707235376405233 0.096875
0 0.6078125 0.6125 0.1765625 0.24375
0 0.61484375 0.462109375 0.121875 0.06484375