0 0.36718513414179127 0.4054111597169247 0.243902455331666 0.17759806788754579
0 0.479296875 0.1015625 0.12109375 0.09375
0 0.08849010262739573 0.11350355251018325 0.09972648441265974 0.11533769970043757
0 0.2943330521330279 0.14118143319971602 0.31383789691757735 0.2112713083446481
0 0.085546875 0.041015625 0.17109375 0.08203125
0 0.00703125 0.0734375 0.0140625 0.059375
0 0.555078125 0.1515625 0.03046875 0.0984375
0 0.873828125 0.26640625 0.25234375 0.5328125
0 0.32634556369748235 0.8208923161602127 0.25140858875559 0.30715802212991117
0 0.466015625 0.644140625 0.14765625 0.10859375
0 0.146484375 0.946484375 0.24453125 0.10703125
0 0.09902109810030683 0.7526213863790655 0.0987538462971587 0.16808006242753404
0 0.165625 0.624609375 0.1296875 0.06953125
0 0.015625 0.9140625 0.03125 0.171875
0 0.050973859122120845 0.859780375543631 0.08187234889504875 0.14883585485118864
0 0.011328125 0.728515625 0.02265625 0.07109375
0 0.6861316941069268 0.7972090662205559 0.1533809981584146 0.2494415037930219
0 0.8796875 0.691015625 0.240625 0.20234375