0 0.38157351511443743 0.29957919119807636 0.06821864995764777 0.04950401514684692
0 0.1877381850504097 0.07644028766662485 0.04979487364928836 0.04032992468997225
0 0.191170874576477 0.02186535913981773 0.05398184471009326 0.03209137220046134
0 0.31328125 0.011328125 0.0328125 0.02265625
0 0.7659600730281214 0.5025799643309432 0.06673944994353036 0.06417016639160238
0 0.8682891415004426 0.4566656583169474 0.08741597099021767 0.07195935560372177
0 0.5223928125753649 0.4071211412960006 0.04088260523343692 0.03420997925407576
0 0.7339631322572233 0.4807103307202235 0.05420935786427279 0.03599762220046134
0 0.955078125 0.430078125 0.08984375 0.06171875
0 0.5191127705172837 0.3574821665034598 0.0636221552193195 0.05071131763635783
0 0.45546875 0.421484375 0.071875 0.07109375
0 0.382421875 0.773828125 0.07421875 0.23046875
0 0.325 0.91171875 0.1890625 0.1765625
0 0.8184116968891713 0.7471201018787441 0.34881401550266683 0.32666312407456105