0 0.17384538381603862 0.43751810293043186 0.05399058475372307 0.07374026000193971
0 0.972265625 0.071484375 0.05546875 0.10234375
0 0.495703125 0.5625 0.06796875 0.0953125
0 0.309765625 0.53828125 0.10703125 0.0765625
0 0.173084047417853 0.5234553450545241 0.03191468811176783 0.043893392273873434
0 0.1421465109890323 0.7959122242219989 0.028980661069925695 0.04910705075860431
0 0.045562915709613086 0.9070168218012539 0.030352188111767653 0.04376584651623894
0 0.05483499474696343 0.8645822180130811 0.026654269237293703 0.027104505000969857
0 0.028810697286701447 0.8067217916505027 0.021540183302444404 0.03681434484924893
0 0.09240938925833424 0.9374697897539919 0.03871032513507622 0.060028575304411545
0 0.8228211029143315 0.5814033140702781 0.027500006623422023 0.05132325500096986