0 0.13984375 0.209765625 0.2796875 0.41953125
0 0.341015625 0.118359375 0.12265625 0.23671875
0 0.710546875 0.384765625 0.33359375 0.06953125
0 0.83203125 0.125 0.3359375 0.25
0 0.5402336610637926 0.14605568096484936 0.1047795013526354 0.15060552000387925
0 0.65293902207986 0.2553274207333887 0.051563047342454024 0.07133273712312231
0 0.4586537674251776 0.35955189043770563 0.055478388009226796 0.0724328515172088
0 0.415625 0.03125 0.0890625 0.0625
0 0.354296875 0.334765625 0.07734375 0.16953125
0 0.18984375 0.901171875 0.1796875 0.19765625
0 0.16091405939686076 0.6000664805758488 0.18500389803468026 0.2703278307644233
0 0.66796875 0.641015625 0.30625 0.44296875
0 0.8765625 0.647265625 0.246875 0.45546875