0 0.15092810783423763 0.10991917226622397 0.079043298799927 0.15893223960843983
0 0.29296875 0.015234375 0.078125 0.03046875
0 0.3677217517550737 0.044204741992665574 0.04309933664159917 0.055965776735204996
0 0.8984375 0.14296875 0.203125 0.2671875
0 0.47884974658553264 0.684275408016266 0.03292597001621065 0.07160720222957302
0 0.5300891268575176 0.8840870607983146 0.03768624462331651 0.0734974841605581
0 0.45780519240892215 0.602664775096545 0.02979881596343468 0.037904191585911205
0 0.43347512644548747 0.5683115544296402 0.026693086641599174 0.054818539976756855
0 0.4123738951591812 0.5948685186018199 0.0413570541766104 0.08543475544788173
0 0.536291969290085 0.7143537150053589 0.040468796318727664 0.116520864482389
0 0.43359375 0.859375 0.1203125 0.28125