0 0.141796875 0.1078125 0.28359375 0.215625
0 0.6150612086706823 0.3629002055094118 0.13083288524403186 0.2051857526208936
0 0.6941782886384363 0.25974672347729644 0.09309199072842204 0.16137639342930993
0 0.7616132404829323 0.2308067454549633 0.060783484776493604 0.11166748766149884
0 0.7447100746445938 0.34794882788851816 0.08203631606038683 0.14036298658176474
0 0.72265625 0.487890625 0.0640625 0.08359375
0 0.762109375 0.488671875 0.05390625 0.08203125
0 0.7993773817770883 0.4081412010382042 0.03391645774732659 0.05762153531746037
0 0.8045140732302588 0.28354696522701933 0.04186531313352067 0.08155968306570696
0 0.8347580972834617 0.31013509639626985 0.04267383421075941 0.08629724784053164
0 0.8609728910486665 0.2486672690522314 0.034715888465485636 0.06079660009228505
0 0.808984375 0.504296875 0.04921875 0.05078125
0 0.23984375 0.76484375 0.4796875 0.4703125
0 0.7140625 0.925 0.10625 0.15
0 0.66015625 0.9640625 0.096875 0.071875
0 0.573046875 0.973828125 0.14296875 0.05234375
0 0.77890625 0.94140625 0.0671875 0.1171875
0 0.81171875 0.967578125 0.05 0.06484375