0 0.550390625 0.273828125 0.01796875 0.04453125
0 0.4998280048632697 0.22956641451963664 0.035234815128862354 0.01820776741285446
0 0.4851651789360442 0.2120259110709341 0.01315509724103805 0.01315509724103805
0 0.46824049016394864 0.1930457383549263 0.009784435775648604 0.008303822930778536
0 0.4689758135469827 0.17158183514370878 0.01956887155129756 0.016607645861557073
0 0.46077601057325007 0.1868145491305751 0.011469766508343327 0.010729460085908294
0 0.4178244103357652 0.17387301447420817 0.051023589439121865 0.022151638964152197
0 0.43163406518666286 0.23742538076778086 0.0833857100859083 0.0152775192218769
0 0.5177193111163627 0.341598885403908 0.03704297659425162 0.022977154567984215
0 0.7139414145196367 0.19069426504003495 0.07256771879233562 0.03185086555840364
0 0.59375 0.373046875 0.06875 0.03828125
0 0.7965868181831098 0.17467643939572303 0.0624524123699004 0.03209984905006032
0 0.362109375 0.660546875 0.06640625 0.02109375
0 0.25859375 0.658203125 0.125 0.01640625
0 0.495703125 0.667578125 0.04140625 0.03515625
0 0.7405088975590377 0.8343042424252264 0.08432409034363308 0.048049075644311934
0 0.8508084500805146 0.825796822988579 0.09189092887824372 0.04377101141996072
0 0.9305778372356445 0.8200580780769616 0.0509383802577247 0.03539194538658723
0 0.98125 0.81484375 0.0375 0.03125
0 0.973828125 0.96015625 0.05234375 0.034375