0 0.56328125 0.808203125 0.221875 0.183203125
0 0.5609375 0.5 0.180859375 0.093359375
0 0.640234375 0.4015625 0.144921875 0.06328125
0 0.650390625 0.330078125 0.101953125 0.03984375
0 0.540625 0.371484375 0.1265625 0.056640625
0 0.39609375 0.425 0.099609375 0.043359375
0 0.39375 0.38515625 0.081640625 0.03671875
0 0.4671875 0.331640625 0.051953125 0.0234375
0 0.587109375 0.3 0.074609375 0.0265625
0 0.553125 0.2765625 0.079296875 0.0265625
0 0.10625 0.755078125 0.099609375 0.08984375
0 0.60625 0.23828125 0.054296875 0.0234375
0 0.351953125 0.346484375 0.079296875 0.033203125