0 0.465234375 0.453515625 0.10859375 0.14140625
0 0.13363853815438986 0.49204583841535215 0.1357114034085667 0.08438895250377901
0 0.016015625 0.594921875 0.03203125 0.04921875
0 0.4079710209047427 0.29070955051528635 0.05606876785690744 0.037605686789350654
0 0.0234375 0.49765625 0.046875 0.0515625
0 0.2647656045088849 0.3349512806428425 0.07710797077900677 0.03570925782192056
0 0.0125 0.40390625 0.025 0.0390625
0 0.06402240057248816 0.3891780791368392 0.048996607548481966 0.03485241311182748
0 0.60859375 0.45546875 0.178125 0.109375
0 0.7561758086488002 0.39136860963850745 0.06348184740221222 0.05989021046687384
0 0.7005970773181343 0.7591865347302708 0.10805400771063774 0.0648276104245216