0 0.0609375 0.335546875 0.121875 0.23203125
0 0.148046875 0.516015625 0.09296875 0.08671875
0 0.4203125 0.204296875 0.040625 0.12265625
0 0.4669980189737896 0.16464219945770706 0.06719559685308259 0.0980107740041051
0 0.426953125 0.056640625 0.05390625 0.10078125
0 0.520703125 0.037890625 0.04921875 0.07578125
0 0.5595272767626415 0.2257996197845406 0.07003879703765267 0.1667516836450254
0 0.5289805787375397 0.33687347517073485 0.05807092072720579 0.10186248184962743
0 0.60118205429125 0.13028031411547936 0.042476199104836 0.0900573734383709
0 0.6765625 0.02109375 0.0453125 0.0421875
0 0.6466493958241035 0.1093203864714802 0.031198737661498832 0.060315331283893416
0 0.084375 0.62734375 0.15625 0.1359375
0 0.2545107630352518 0.6428788167968559 0.06186654919712105 0.12453236738824688
0 0.4924039262089311 0.9397949838531379 0.11917840144887437 0.11705621067419258
0 0.794921875 0.70625 0.40234375 0.29375