0 0.070703125 0.36640625 0.14140625 0.184375
0 0.086328125 0.0984375 0.17265625 0.196875
0 0.652734375 0.434765625 0.05390625 0.24921875
0 0.25234375 0.488671875 0.3796875 0.14140625
0 0.26071085042885167 0.19987995202864256 0.2725998182610578 0.16605960938667827
0 0.455078125 0.122265625 0.44921875 0.24453125
0 0.644140625 0.163671875 0.07109375 0.06640625
0 0.226953125 0.01328125 0.05703125 0.0265625
0 0.1365193936829429 0.07669506699914663 0.09716026514684702 0.06991870181924557
0 0.2819427892283747 0.31453213017179565 0.21916624232633025 0.11841832195929065
0 0.044921875 0.201171875 0.08984375 0.08828125
0 0.5740692444125336 0.8928025635891885 0.058428729254075586 0.04164599855225788
0 0.92890625 0.810546875 0.1421875 0.20078125