0 0.206640625 0.3546875 0.41328125 0.25
0 0.45625 0.15234375 0.10625 0.184375
0 0.41328125 0.041796875 0.184375 0.08359375
0 0.22102907385230858 0.12664564098365058 0.10963087955902787 0.08629454274124874
0 0.011328125 0.02109375 0.02265625 0.040625
0 0.823828125 0.369921875 0.35234375 0.21953125
0 0.0359375 0.519921875 0.071875 0.06484375
0 0.06690592472598919 0.7728587127691935 0.10875936379145842 0.11586364357108572
0 0.2990040840624649 0.6194418666129948 0.049492160144236054 0.04898287427505377
0 0.3221516231485936 0.583238429787818 0.04878364532659738 0.05204867468997225
0 0.95703125 0.509375 0.0859375 0.059375
0 0.633984375 0.89921875 0.24921875 0.2015625
0 0.830078125 0.880078125 0.33984375 0.23984375