0 0.396875 0.0390625 0.025 0.078125
0 0.30106768186212307 0.196875 0.022717258402956908 0.03984375
0 0.2517341739720482 0.73359375 0.05364892342198502 0.03203125
0 0.2879694222606181 0.923046875 0.04521168231923376 0.07421875
0 0.11865040718472475 0.8515625 0.08176860623551026 0.10859375
0 0.836016332070994 0.6140625 0.059178681824942105 0.071875
0 0.6818043580027118 0.539453125 0.04532442885919252 0.0578125
0 0.7498314578124313 0.617578125 0.039106262357289624 0.05859375
0 0.5900101415959492 0.501171875 0.024279758402957086 0.03984375
0 0.6337442248469006 0.50078125 0.030879926882026253 0.0484375
0 0.7225878782500763 0.437890625 0.05407468775644109 0.1
0 0.6306417532686669 0.635546875 0.02997134288963732 0.0453125