0 0.165625 0.3921875 0.32734375 0.129296875
0 0.365234375 0.333984375 0.06875 0.0625
0 0.536328125 0.3453125 0.15625 0.065234375
0 0.662890625 0.46171875 0.278125 0.129296875
0 0.5125 0.2609375 0.06640625 0.047265625
0 0.428515625 0.822265625 0.359375 0.28046875
0 0.741015625 0.63046875 0.2640625 0.1640625
0 0.515234375 0.5671875 0.1578125 0.06796875
0 0.2203125 0.604296875 0.41171875 0.197265625
0 0.058203125 0.79296875 0.11640625 0.152734375
0 0.951171875 0.74453125 0.09765625 0.102734375
0 0.98984375 0.610546875 0.0203125 0.045703125
0 0.899609375 0.428515625 0.07734375 0.05703125
0 0.102734375 0.30078125 0.203125 0.0484375
0 0.409375 0.23046875 0.08515625 0.058203125