0 0.064453125 0.505859375 0.12890625 0.14765625
0 0.25078125 0.30859375 0.4578125 0.303125
0 0.965234375 0.333984375 0.06953125 0.10703125
0 0.6984546937261109 0.2843773277480044 0.16897781401177223 0.09454202026387967
0 0.6187455617440873 0.41301492317849975 0.25260847402131714 0.16871157444049026
0 0.95078125 0.2625 0.0984375 0.0703125
0 0.23984375 0.78984375 0.4796875 0.4203125
0 0.525390625 0.83515625 0.09140625 0.059375
0 0.5421538740451798 0.7936709948282042 0.067742030673136 0.050785558105551944
0 0.5901186593729981 0.7553020076484859 0.056640898671227013 0.0362136358558109
0 0.5911828147278608 0.9138593703449329 0.090398280673136 0.05184078990858687
0 0.558984375 0.959765625 0.15859375 0.08046875