0 0.3292720829174991 0.3350218532981725 0.27837431852064753 0.4259445112160643
0 0.66796875 0.0203125 0.0875 0.040625
0 0.7418988677667121 0.08951722756787132 0.07076085080120365 0.0821672425071295
0 0.7920539841193044 0.18589465009375097 0.07167880183796278 0.08379809302550925
0 0.6660331530401609 0.22565393536719985 0.08112215235634253 0.08539954924606477
0 0.7070131857217115 0.3476318154095841 0.09015539976444416 0.08231350546662028
0 0.91328125 0.071484375 0.1734375 0.14296875
0 0.5359375 0.560546875 0.053125 0.11796875
0 0.525 0.028515625 0.03125 0.05703125
0 0.55390625 0.01796875 0.0578125 0.0359375
0 0.5753865493409938 0.4177962811260191 0.05879809302550916 0.06949158524981484
0 0.7546875 0.809765625 0.490625 0.38046875