0 0.135546875 0.2125 0.27109375 0.425
0 0.04453125 0.91171875 0.0890625 0.1765625
0 0.06796875 0.57421875 0.1359375 0.2328125
0 0.15467188193002562 0.7307791909776027 0.1062408366764112 0.17925481004047975
0 0.154296875 0.488671875 0.07265625 0.09765625
0 0.234375 0.926171875 0.11875 0.14765625
0 0.35546875 0.69140625 0.159375 0.503125
0 0.243359375 0.546875 0.18203125 0.2140625
0 0.24358631612383394 0.7085949135015541 0.09612311305535766 0.11252101141996071
0 0.0390625 0.771875 0.078125 0.1015625
0 0.017578125 0.608203125 0.03515625 0.17265625
0 0.7433220991504573 0.5750388271724505 0.0920117367046462 0.1489122127994417