0 0.49865375539858475 0.16867700739839758 0.26423121120744353 0.18183934712916772
0 0.14418955311421083 0.05858458667641118 0.19489994813518902 0.10857688140062187
0 0.17655453506757884 0.18802916297065297 0.26693015871793263 0.1866633550216755
0 0.40292425975987334 0.34238476408136814 0.20252411660138386 0.16813389192396552
0 0.585546875 0.45234375 0.10859375 0.16875
0 0.382421875 0.593359375 0.44296875 0.25234375
0 0.620703125 0.1109375 0.03828125 0.109375
0 0.571875 0.02578125 0.1359375 0.0515625
0 0.684375 0.594921875 0.0890625 0.09609375
0 0.91484375 0.51484375 0.1703125 0.090625
0 0.8767658853845731 0.4143265599798225 0.11286777551980923 0.05246411831702939
0 0.7589689064428475 0.41485478640817985 0.11540077966899424 0.04483362884037305
0 0.8185259489719925 0.3385988823983975 0.13102577966899406 0.04574368145709151
0 0.23226515779249368 0.9196630192371593 0.1736761435710857 0.1158965577372161
0 0.819921875 0.830859375 0.36015625 0.22265625