0 0.34765625 0.351171875 0.1234375 0.35703125
0 0.98515625 0.21953125 0.0296875 0.221875
0 0.9287007820553651 0.25248939594944303 0.13950478998760438 0.32493546700961656
0 0.743359375 0.055078125 0.16953125 0.11015625
0 0.6540011412877957 0.7491748366658472 0.06728103181947916 0.14014527837152996
0 0.7505027202678131 0.6967239550019297 0.06844348831649327 0.12300324247815268
0 0.64375 0.571875 0.084375 0.084375
0 0.792578125 0.601953125 0.06328125 0.14453125
0 0.6324839913537159 0.9331281194251215 0.04373377583555573 0.10120479882550093
0 0.5682919185482471 0.8118657106100617 0.08377820079743063 0.14452890149106815
0 0.7203125 0.946875 0.0484375 0.10625
0 0.5022827726045144 0.6797112659016247 0.061720709631145884 0.10250888605166182