0 0.411328125 0.36015625 0.26015625 0.2390625
0 0.551171875 0.45390625 0.12109375 0.0515625
0 0.8609375 0.289453125 0.2421875 0.38046875
0 0.555078125 0.8796875 0.20078125 0.240625
0 0.12265625 0.4875 0.0375 0.015625
0 0.15651945798369757 0.5155785477272371 0.03564242468997225 0.05008343298834199
0 0.665625 0.691015625 0.1484375 0.15078125
0 0.3011071397226397 0.6813247147435395 0.05238056141258056 0.07620822510489074
0 0.41776184345690615 0.6972359025057663 0.06129362012586892 0.060571569710950436
0 0.350390625 0.495703125 0.06328125 0.03203125
0 0.16717873515389198 0.8518954786409866 0.025923882573423464 0.03458848755244546
0 0.0901997008228704 0.6390209528088275 0.05191954274124866 0.11112767676456467
0 0.9097007204196412 0.9102010729463073 0.11270367738926482 0.14447389564567814