0 0.09375 0.316796875 0.1875 0.10546875
0 0.384375 0.3390625 0.121875 0.0609375
0 0.5140625 0.348046875 0.0765625 0.04296875
0 0.4846506018213942 0.24645329317615178 0.05935174581612834 0.10610276136870649
0 0.5244124646662645 0.2463922847731948 0.049734406377006476 0.08622134288963731
0 0.5655896633322121 0.32345219188355745 0.0317313568519765 0.055084089429596264
0 0.5689558813893786 0.20715735912689764 0.0449650192218769 0.08446784190105419
0 0.5031776549086983 0.9364953727013259 0.051955325644312114 0.08397309338392897
0 0.5753326158991175 0.8984741078725781 0.050518978403273705 0.07144125988583169
0 0.2508731874731295 0.9385903843357685 0.10343261646291495 0.09932352076024671
0 0.4010640355051073 0.6833942304197107 0.042958783921197966 0.04618659190105419
0 0.437262685719878 0.6546338897543855 0.04600189676606803 0.04475142589344294