0 0.620278484370263 0.16832391416703968 0.07196650324641088 0.051240946022240406
0 0.693214288144504 0.18307131960584888 0.048174447240056394 0.03051934293798535
0 0.45520093221922747 0.18019246591103819 0.06310001785690744 0.035465941558013726
0 0.5944252991032003 0.052724210636032345 0.0397170649348082 0.038181838473758486
0 0.4705679234942923 0.07559558198258438 0.04435001785690744 0.035138659090609536
0 0.4561167755642499 0.053575418833137434 0.02847955600635439 0.020803423701106105
0 0.394894880475229 0.01596039346746316 0.040361947240056484 0.030382975243233544
0 0.3423298751985756 0.11612689894598738 0.03202729586008468 0.04507672077900686
0 0.6604292644036828 0.028518210230642892 0.10526024431795715 0.0346398271096728
0 0.548631558031654 0.07071628003506732 0.08246367248329012 0.07094947402541756
0 0.32890625 0.010546875 0.0703125 0.02109375
0 0.248046875 0.125390625 0.01640625 0.02421875
0 0.3311596629426331 0.035828608564427 0.04506308400953163 0.031246045860084594
0 0.259375 0.04765625 0.0390625 0.0203125
0 0.157421875 0.833984375 0.16484375 0.24765625
0 0.55234375 0.5953125 0.2484375 0.2515625