0 0.4018279434962738 0.2882944385350594 0.2558010689872532 0.20178397037968593
0 0.682853738430324 0.4281719985728968 0.0800511143631848 0.06574701680591381
0 0.63515625 0.4546875 0.0109375 0.040625
0 0.8467844282236696 0.4122007831733079 0.06823237041330898 0.04808201433445589
0 0.683727643730043 0.3098762905690912 0.04557157523376922 0.04637759288963732
0 0.8094907130118838 0.31187648376273974 0.04946418969514958 0.044193010380123354
0 0.8187225398563797 0.287649110739906 0.031395445745273774 0.026273339923887917
0 0.8707776709556019 0.2401725801124181 0.04474487343837108 0.038533259391540044
0 0.9431594584742907 0.3302106369373602 0.03935339149054755 0.05159167490485981
0 0.648828125 0.296875 0.03828125 0.05625
0 0.732212868115211 0.3200530924511173 0.0934550842107594 0.0873819362735663
0 0.9331481333387174 0.22045363496019377 0.07366475897699018 0.042054848821136304
0 0.9372202823919202 0.2491284274506798 0.04944146379745078 0.040286760380123354
0 0.99375 0.24765625 0.0125 0.0328125