0 0.0890625 0.008203125 0.0296875 0.01640625
0 0.1765163406053903 0.46008281072961077 0.011608128469915258 0.0227744286680454
0 0.16722513340254802 0.5282830990610881 0.008763730721668495 0.014934656667727175
0 0.542578125 0.6078125 0.04609375 0.0859375
0 0.647772430209488 0.5884518903763389 0.049857902528608555 0.0958215773392725
0 0.539453125 0.769140625 0.03984375 0.06484375
0 0.6001271279254354 0.7951646933680665 0.04986839450904412 0.07162100867281787
0 0.6732700840485435 0.748785408378407 0.030027461443337077 0.030014764003817973
0 0.7959456647102263 0.5312356500636335 0.034534488741233105 0.03943521733768165
0 0.7739344120108907 0.58367457839352 0.03561612739018098 0.044131808004454244
0 0.6103882977297908 0.5532771853715663 0.025009294416759077 0.03698237933640911