0 0.099609375 0.53671875 0.19921875 0.165625
0 0.879296875 0.454296875 0.24140625 0.22890625
0 0.6472854061333753 0.42976203395529744 0.04983879809323426 0.063054530673136
0 0.369140625 0.744140625 0.24140625 0.24921875
0 0.39765625 0.966015625 0.165625 0.06796875
0 0.28671875 0.88828125 0.16875 0.2234375
0 0.19003835740716882 0.8743847379654788 0.08296381134007813 0.16183747601049953
0 0.13046875 0.643359375 0.1 0.04765625
0 0.1267472002819263 0.7747713649745467 0.10641123502387555 0.18475735534690846
0 0.061328125 0.928515625 0.11328125 0.14296875
0 0.023828125 0.843359375 0.04765625 0.11171875
0 0.01875 0.7328125 0.0375 0.1234375
0 0.0515625 0.653515625 0.0640625 0.06796875
0 0.8874416362631093 0.8224200592576626 0.05114089246560418 0.14506759933959062