0 0.2543284756518986 0.4861196296939275 0.02751034997176518 0.03103863805964089
0 0.048046875 0.590234375 0.09609375 0.16171875
0 0.40546875 0.683984375 0.3078125 0.34921875
0 0.44140625 0.956640625 0.2359375 0.08671875
0 0.214453125 0.62265625 0.24296875 0.2265625
0 0.27723811373549107 0.8475157719932108 0.18710369980235592 0.21698386137453235
0 0.03359375 0.898046875 0.0671875 0.20390625
0 0.07068958753301251 0.7388362310610367 0.13501828405969274 0.16518566598794493
0 0.061328125 0.899609375 0.12265625 0.20078125
0 0.190625 0.940625 0.1171875 0.11875
0 0.613671875 0.608203125 0.10859375 0.19765625