0 0.3071234689804987 0.09558785738754576 0.08801373035529281 0.08107143992586625
0 0.2676949418921935 0.05287207853160521 0.07682151923042238 0.07522074400955034
0 0.324609375 0.012890625 0.08984375 0.02578125
0 0.39599230096928545 0.19501867231341202 0.3194178957806084 0.2264286130615094
0 0.455078125 0.324609375 0.60859375 0.18984375
0 0.7137662480332747 0.7301947862395617 0.035049242142117264 0.03242311960011328
0 0.713181897123652 0.6841555999418926 0.045059942927905536 0.02965278366526398
0 0.543661359489122 0.7035851404622465 0.06808006596343467 0.03825645734906136
0 0.559679138541898 0.7376836047088069 0.05476242865988183 0.03701141587924894
0 0.6787994158373456 0.7079142757138656 0.02803510876750561 0.015798614790790033
0 0.95703125 0.975 0.0859375 0.05