0 0.167578125 0.457421875 0.28359375 0.16953125
0 0.06448055251476532 0.12538871841640656 0.058833581893687814 0.02945241707809032
0 0.6701813236480232 0.38903560395935805 0.1455616263104469 0.06813501700184048
0 0.6130406496816149 0.4260439882680386 0.09795424352159507 0.12865363649288214
0 0.77890625 0.52265625 0.4421875 0.134375
0 0.7783977914913236 0.3058798980794796 0.08425388648947969 0.04876611474138883
0 0.780259482576595 0.2402003466927088 0.1099152205426357 0.03532186379145834
0 0.20629795574012447 0.7134229071975353 0.15380492288667416 0.06286628875333342
0 0.03828125 0.653515625 0.0765625 0.05859375
0 0.1546875 0.865625 0.309375 0.26875
0 0.630078125 0.61484375 0.09921875 0.05
0 0.380859375 0.758984375 0.14296875 0.10546875
0 0.48125 0.629296875 0.0796875 0.07890625