0 0.21953125 0.25 0.4390625 0.5
0 0.691796875 0.0578125 0.15546875 0.115625
0 0.843359375 0.03828125 0.09609375 0.0765625
0 0.9080670134924373 0.0842981380038701 0.06908027210332382 0.12218926051544958
0 0.8202997236070271 0.2813783955228727 0.05668792069139794 0.07161605042954129
0 0.9191278486070271 0.27619903296091597 0.04885268863808658 0.07042536465389251
0 0.971875 0.23046875 0.05625 0.0875
0 0.662890625 0.3921875 0.09921875 0.215625
0 0.27656578665154663 0.8682122950602749 0.04877613229073816 0.09460317107632754
0 0.3169108160788621 0.843015882238119 0.044096992478152686 0.06783595318850325
0 0.3505553845336579 0.7892202962476995 0.029738975785105204 0.05694271879233561
0 0.19324298970650738 0.8146783989158044 0.042435204077492725 0.09115062245580852
0 0.13453022509177756 0.8674404293882999 0.09337322994174038 0.17962662426483095
0 0.04140625 0.889453125 0.0828125 0.22109375
0 0.83828125 0.887890625 0.3234375 0.22421875
0 0.79765625 0.597265625 0.3890625 0.19453125