0 0.23525192239166515 0.1333475625015968 0.17541716494170992 0.16395666327836816
0 0.058984375 0.07421875 0.11796875 0.1484375
0 0.50390625 0.193359375 0.0515625 0.09921875
0 0.43332441471799543 0.8614355417000343 0.17919520560836624 0.27556631050482655
0 0.708203125 0.528125 0.07265625 0.05625
0 0.888671875 0.543359375 0.04140625 0.08671875
0 0.9548603163753471 0.6170714854698952 0.04010662697434597 0.13819098423243048
0 0.6489466468718559 0.6815123055677426 0.07013674647551511 0.1022359536472223
0 0.7883489985268856 0.8693363478364577 0.03160612012586874 0.05688643284565984
0 0.7679467765338834 0.9224525825438536 0.03999896058274359 0.07501883700597248
0 0.8878068534056611 0.7352230532413708 0.04848596680652086 0.06351829255305574