0 0.19154131844237945 0.34094081393041575 0.2818002334556649 0.38103445866555996
0 0.43934623293893615 0.09272874846345314 0.09036394251362054 0.18416305135658942
0 0.8206423713783902 0.3520250586101866 0.11158397104966795 0.17150236505167982
0 0.7082536294434154 0.2522683401485775 0.19885283870851378 0.25576554595791856
0 0.25390625 0.65234375 0.075 0.0453125
0 0.2127292677804257 0.6813700589931703 0.039537688998963996 0.046153109191583754
0 0.338671875 0.656640625 0.02734375 0.05390625
0 0.302734375 0.666796875 0.04140625 0.07421875
0 0.19677043568694055 0.8602658170127346 0.04531896215832774 0.10338461829088245
0 0.695227090568286 0.7361402972729779 0.04037459698068133 0.06412185919158375
0 0.687890625 0.66328125 0.03046875 0.0671875