0 0.1310191756047301 0.3138774490397398 0.09962837734722658 0.10463490824437507
0 0.037041635264185004 0.36482948546670163 0.06476248134149962 0.061647321238402955
0 0.23848568292491254 0.41327999662678855 0.11675224267981754 0.0995662017473613
0 0.40173566293366214 0.3526091011095664 0.07862553401495394 0.11195644576343752
0 0.3519990185988441 0.3623919300895838 0.04776588534372692 0.07765352773541671
0 0.2264862169398664 0.3028146221017538 0.03959884933959064 0.04700293977951393
0 0.26241917160648 0.3040417016989066 0.030196577339272324 0.04444098423243048
0 0.1896856509389119 0.3089912337090107 0.030868739337999784 0.035084168028020814
0 0.011328125 0.291796875 0.02265625 0.04140625
0 0.774609375 0.03203125 0.05390625 0.0640625
0 0.887109375 0.1578125 0.22578125 0.315625
0 0.8006118709023227 0.31146227027814266 0.1390005073599534 0.19927591422829885
0 0.146875 0.8234375 0.29375 0.353125
0 0.351953125 0.8203125 0.33515625 0.359375
0 0.709765625 0.8046875 0.38046875 0.390625