0 0.28828125 0.292578125 0.3625 0.27421875
0 0.266494219202734 0.9770222146020945 0.0370833377489479 0.0338581744523216
0 0.3430269647098966 0.9197731785108616 0.024310519237293705 0.02568196159934022
0 0.22398554343076088 0.9427483345875297 0.04158978847458741 0.05115933471887839
0 0.326953125 0.990234375 0.04765625 0.01953125
0 0.5980443195655536 0.7405177279299296 0.029697423683797373 0.023497335972519552
0 0.5039260145748203 0.7537924493272905 0.05031002404661713 0.032682119358614516
0 0.6668228294582775 0.8270982540252865 0.060203379218760136 0.04779865399835046
0 0.490625 0.80390625 0.0421875 0.0546875
0 0.7288925428401978 0.6699814301602143 0.04166171034428636 0.03086956677218975
0 0.8129178406169458 0.6663658594292452 0.02808035998146661 0.021889371865896835