0 0.25078125 0.0421875 0.225 0.084375
0 0.6980356742722974 0.19351197032904927 0.12015931671196203 0.06551643657189174
0 0.7229076751930901 0.31284576545949105 0.1450771892401228 0.12032665641946635
0 0.7369180398015299 0.24102303502419903 0.06772273156266806 0.052716454722264314
0 0.8749641610307457 0.17812838572550635 0.15656099245843152 0.12820278893302373
0 0.8722383627561155 0.29534770198228505 0.23016238342392406 0.13097378580976587
0 0.4215033483416694 0.8901173134677013 0.10024565445914586 0.059934057083396476
0 0.784765625 0.976953125 0.08203125 0.04609375
0 0.842271083384583 0.9253758300073471 0.06423174480421992 0.03629656918364503
0 0.9139791515215409 0.8331772274989211 0.11330838317182242 0.056886325135573304
0 0.944920835982473 0.9439490888861417 0.055386622528160956 0.05498748184962743