0 0.029342102994771448 0.3790349561992195 0.047813025864247474 0.08963632697140156
0 0.04279736615800438 0.2628200893046483 0.036966454077492814 0.09186850666795969
0 0.08147994985435077 0.1523769902879244 0.039415504156634994 0.12246480242559432
0 0.5334559473138147 0.25879447468104094 0.021426370612255673 0.03993934484924892
0 0.5496701491151343 0.21048458490765237 0.027167905251991798 0.04976075500096986
0 0.5576668540505569 0.13543678748302793 0.03271922327782271 0.07983089227387338
0 0.5259491557790519 0.31030911278743945 0.02700878087881229 0.04429200500096968
0 0.7897059473138148 0.728325724681041 0.021426370612255673 0.03993934484924892
0 0.8059201491151343 0.6800158349076524 0.027167905251991798 0.04976075500096986
0 0.8139168540505569 0.604968037483028 0.03271922327782271 0.07983089227387338
0 0.7821991557790519 0.7798403627874395 0.02700878087881229 0.04429200500096968