0 0.10022603589191163 0.43939113895941906 0.04118075692008212 0.03559864641337427
0 0.06662035703271911 0.3793934260861844 0.05640650889724874 0.04601162252816078
0 0.05782234788832472 0.3355423781897066 0.06112584239534584 0.04712065445914586
0 0.05308113321158281 0.3052184167414677 0.05192725593149916 0.031675970919006424
0 0.6739102977177287 0.2682102716270385 0.34174578410611967 0.1851551580654421
0 0.7930569219577007 0.0759431390854699 0.17541117688202626 0.060565431446452586
0 0.852734375 0.008203125 0.12890625 0.01640625
0 0.3655274185348407 0.9166777637073176 0.05484400889724857 0.04590236188449914
0 0.44140625 0.822265625 0.0171875 0.03671875
0 0.07277553859192487 0.8728358385034886 0.0526594263877346 0.04964472091900642
0 0.509375 0.987109375 0.040625 0.02578125