0 0.059765625 0.364453125 0.11953125 0.35859375
0 0.4111471088427492 0.1280686473782479 0.06884674763774737 0.16011134400859053
0 0.593777348085385 0.3597879114019514 0.08157492613086817 0.18915395401018137
0 0.6342981659640671 0.24546232940799656 0.07333335099579194 0.13204997867599957
0 0.7137190538944249 0.2834807710852688 0.0420635036281972 0.08639203333863606
0 0.5259288606568477 0.1723555440602927 0.05713543212131782 0.11546191534054513
0 0.672935324629331 0.28964413607970085 0.03071677586071573 0.07454601400381797
0 0.834375 0.875 0.1625 0.25
0 0.8820771677357566 0.7139645254415632 0.06821926506094264 0.14214259400859053
0 0.9507329424153459 0.8686071194501537 0.08302086424263563 0.23056020401018137
0 0.487109375 0.78984375 0.31484375 0.4203125