0 0.4261363218532616 0.33650911649920145 0.026091138558944314 0.03924817029858776
0 0.8879274481069028 0.32437528524674264 0.01871054757185977 0.05354561708027905
0 0.8610263158161647 0.4148692452699857 0.013295621865896834 0.02821783514929379
0 0.8382253133088822 0.39135533561505975 0.004179034639736123 0.009648151609154354
0 0.8879274481069028 0.32437528524674264 0.01871054757185977 0.05354561708027905
0 0.8610263158161647 0.4148692452699857 0.013295621865896834 0.02821783514929379
0 0.8382253133088822 0.39135533561505975 0.004179034639736123 0.009648151609154354
0 0.4690410557870348 0.8958407398221041 0.010860943652651578 0.02492894418380125
0 0.45589502385243696 0.849908203868233 0.008471729546028862 0.02320255321830871
0 0.44512082831932354 0.8569831945235163 0.00675010517284953 0.017624542574646896
0 0.9747897763597194 0.897564453868233 0.007554087226160888 0.018460422896477802