0 0.8109375 0.68671875 0.08984375 0.047265625
0 0.216796875 0.5890625 0.096875 0.0109375
0 0.437890625 0.556640625 0.02734375 0.009765625
0 0.428125 0.569921875 0.00859375 0.0140625
0 0.32421875 0.536328125 0.112890625 0.0109375
0 0.065234375 0.6921875 0.128515625 0.01640625
0 0.25703125 0.67734375 0.039453125 0.016796875
0 0.44296875 0.529296875 0.03046875 0.01875
0 0.473046875 0.50390625 0.020703125 0.012109375
0 0.41171875 0.50390625 0.05390625 0.009375
0 0.421484375 0.4703125 0.071875 0.02265625
0 0.34140625 0.709375 0.04375 0.0515625
0 0.3703125 0.672265625 0.033203125 0.04765625
0 0.39921875 0.638671875 0.0421875 0.054296875
0 0.394921875 0.588671875 0.028515625 0.03359375
0 0.6421875 0.468359375 0.018359375 0.0125