0 0.473828125 0.320703125 0.27109375 0.23828125
0 0.7725546398716834 0.3322787802952063 0.026063992195451656 0.03075965133672707
0 0.817603000443713 0.312996976289002 0.02140377404661713 0.0314863573360908
0 0.8798897074762884 0.3173523932805706 0.020349705534962757 0.02366476666931803
0 0.8532726437739576 0.3160989759508432 0.020513396641955416 0.028352266669318026
0 0.2686608193142625 0.899705267266094 0.02628224700477517 0.03700965133672725
0 0.2982243063839046 0.8622368109285714 0.027336315516429364 0.04483124200349984
0 0.21981037430499573 0.9108248542727754 0.031297129218760135 0.046439195337363334
0 0.24756459667259065 0.9558328169358894 0.029389888837406987 0.05891192333704538
0 0.3585169159640671 0.4961524585853219 0.038638403265377264 0.07776192067154533
0 0.6390439634667382 0.6095757086052074 0.01774306070710594 0.03847215400222712
0 0.6615526359270002 0.5491331026018667 0.015126492195451747 0.030632382001908987
0 0.6791902864712298 0.5618237329328667 0.008603673683797376 0.022747156667727177