0 0.13984375 0.460546875 0.2796875 0.33828125
0 0.42265625 0.23125 0.2859375 0.1515625
0 0.341796875 0.11328125 0.12421875 0.121875
0 0.315234375 0.28984375 0.07109375 0.2078125
0 0.465234375 0.4609375 0.37109375 0.19375
0 0.7848652178152753 0.4508746378882691 0.4279618098092822 0.30541667684207885
0 0.941796875 0.25078125 0.11640625 0.05
0 0.8282703317123051 0.30791805461138316 0.19284802768032883 0.14107645861557022
0 0.7561658507425312 0.21371215258759016 0.2256167653230392 0.08432516960598982
0 0.13984375 0.81484375 0.2796875 0.3703125
0 0.71875 0.9609375 0.3890625 0.078125