0 0.1890625 0.01640625 0.1625 0.0328125
0 0.200390625 0.318359375 0.40078125 0.18203125
0 0.458203125 0.14140625 0.07734375 0.06875
0 0.5417335825383205 0.08668882342089121 0.10858631551642936 0.048892439239315875
0 0.5723040254594116 0.04021041285048747 0.13960070253973794 0.06575894566510643
0 0.6953570903428687 0.12346060604413597 0.15323661660488846 0.07645636513275882
0 0.5484375 0.339453125 0.2578125 0.13984375
0 0.21937492714235846 0.8744242688202613 0.36214536905195926 0.2503580746380297
0 0.2511892166088131 0.4786720642764969 0.2272470354793624 0.09585496395389521
0 0.921875 0.897265625 0.15625 0.19296875
0 0.4890625 0.94140625 0.1390625 0.1125