0 0.06796875 0.471484375 0.1359375 0.35703125
0 0.2203125 0.423046875 0.1390625 0.45390625
0 0.7912822136461524 0.46713718607619403 0.06346935775648763 0.07916139448011279
0 0.9640625 0.544921875 0.071875 0.11328125
0 0.983203125 0.45390625 0.03359375 0.1125
0 0.8549740208037566 0.3792679034052714 0.051921026119281774 0.05242161647693564
0 0.8217847235400043 0.40873919216362625 0.030213122455808695 0.040334673701106286
0 0.818807469469704 0.2998025458567894 0.17590515999505119 0.1841546318982113
0 0.943359375 0.150390625 0.11328125 0.30078125
0 0.7462082335474275 0.13579370575982547 0.05820532564431211 0.08297218709378669
0 0.144921875 0.8453125 0.28984375 0.309375
0 0.8390625 0.96171875 0.0984375 0.0765625
0 0.756640625 0.95859375 0.11328125 0.0828125
0 0.680859375 0.957421875 0.11171875 0.08515625