0 0.3859375 0.16484375 0.2078125 0.3296875
0 0.767578125 0.0625 0.06953125 0.125
0 0.949609375 0.16484375 0.10078125 0.3296875
0 0.5143393064451234 0.2139768054240223 0.021357370413308895 0.0465410710325699
0 0.5399458274732643 0.24960734492185477 0.0317454245698392 0.08697635523343691
0 0.244921875 0.58359375 0.48984375 0.490625
0 0.6360228880236043 0.5326533977856284 0.05209428600615773 0.09440942363517095
0 0.5938103895361353 0.5308136648507683 0.03552440954272455 0.06532886838761662
0 0.8854661035299778 0.4223894309181325 0.05526019262201594 0.10162268415851479
0 0.950390625 0.557421875 0.09921875 0.23984375
0 0.7935694950205254 0.47775874135677154 0.04334599990180408 0.06734639469597585
0 0.8019080050190677 0.8363790953100843 0.04260111133812252 0.0735508920651398
0 0.9082668288875995 0.7817304862009806 0.05421532220870695 0.05626468152767892
0 0.906640625 0.989453125 0.05546875 0.02109375
0 0.6242299238824681 0.7220760661944212 0.021280102361132158 0.0332598210325699
0 0.6125 0.946484375 0.0359375 0.10703125