0 0.44296875 0.19609375 0.0328125 0.08125
0 0.38407976716125314 0.27045025842191156 0.0207684183207995 0.027700065770898164
0 0.819649201816991 0.4371841901613518 0.04640627315936392 0.0595793973268119
0 0.8236956737976724 0.49883468621509797 0.06889985731976367 0.07413472099021767
0 0.7147829384799808 0.34693752822376817 0.02336687944567011 0.03330532366340595
0 0.19126739453775396 0.7980484900413536 0.0232406009096227 0.047322321032569906
0 0.18222203432250642 0.8393105268730565 0.021896424730940466 0.051918815770898165
0 0.15234828969918982 0.7697638663214781 0.011065932588823203 0.020122784200867015
0 0.9503596807267964 0.8410326505929323 0.036723058105551945 0.06914411312594475
0 0.89839907444049 0.8691268294897749 0.039139582712657627 0.0708431210184525
0 0.98203125 0.817578125 0.0359375 0.15546875
0 0.790335036496374 0.7774996780755351 0.03530610731976367 0.07217810786427288