0 0.319921875 0.425 0.63984375 0.85
0 0.915234375 0.5328125 0.16953125 0.271875
0 0.954296875 0.184765625 0.09140625 0.19765625
0 0.847061655606044 0.20756143878509584 0.20655061100230654 0.27477539691757735
0 0.7379392611095195 0.4237386418094108 0.18294624502562246 0.2094017691936365
0 0.70390625 0.659375 0.128125 0.234375
0 0.98359375 0.724609375 0.0328125 0.16953125
0 0.949609375 0.81640625 0.10078125 0.0671875
0 0.333203125 0.883984375 0.13828125 0.06796875
0 0.263671875 0.925 0.25390625 0.15
0 0.819921875 0.959375 0.36015625 0.08125