0 0.2359375 0.1328125 0.246875 0.265625
0 0.958203125 0.3125 0.08359375 0.23125
0 0.70114104527373 0.2988601396415206 0.09585903469127147 0.186163229307785
0 0.6036262479511614 0.21440437386834624 0.06497211401972632 0.14862892978275494
0 0.5322600516192068 0.20050178652116007 0.0410255366804539 0.1036506224558087
0 0.5723890629376391 0.3124374211320985 0.057722688017181056 0.12951043758467104
0 0.623828125 0.433984375 0.04453125 0.05078125
0 0.583984375 0.438671875 0.03828125 0.04140625
0 0.5316907902610033 0.38378679867628984 0.024037484006999676 0.05279080732694617
0 0.5014455826106162 0.2622067087849123 0.02743520401018138 0.07639208163720568
0 0.4776126386060028 0.29496277645796615 0.02748974801081765 0.08107958163720567
0 0.43994955394654794 0.2398315411572872 0.02407384667409058 0.05591580732694616
0 0.258984375 0.593359375 0.11328125 0.26796875
0 0.221484375 0.878125 0.13828125 0.24375
0 0.6890625 0.83828125 0.621875 0.3234375