0 0.02109375 0.05625 0.0421875 0.053125
0 0.19375 0.334765625 0.3875 0.06953125
0 0.3109375 0.15546875 0.2171875 0.13125
0 0.17265625 0.015625 0.2484375 0.03125
0 0.88671875 0.2953125 0.2265625 0.1484375
0 0.753515625 0.047265625 0.19765625 0.09453125
0 0.082421875 0.934375 0.16484375 0.13125
0 0.376171875 0.884765625 0.08671875 0.09140625
0 0.44375 0.79140625 0.0484375 0.1171875
0 0.452734375 0.6984375 0.06640625 0.084375
0 0.5430245584565704 0.7699204760826296 0.08078301051544959 0.06877651631162252
0 0.644515677011421 0.8173227053409734 0.0823455105154494 0.06884018330781672
0 0.6686603052907814 0.6904551285158127 0.08361808344622794 0.07824701680591399
0 0.7941875887597237 0.7279226129642182 0.08020315637700666 0.08746284931542796
0 0.521484375 0.929296875 0.18984375 0.14140625
0 0.9609375 0.5109375 0.078125 0.13125
0 0.6148807898005204 0.4898602443714183 0.12194027702379309 0.08058810821267652
0 0.451171875 0.540625 0.06328125 0.059375
0 0.44296875 0.584765625 0.046875 0.05546875
0 0.8476102812634352 0.5944522090667508 0.0676688568519765 0.056548430342067225