0 0.16315781206236074 0.09609375 0.11185620468649908 0.14609375
0 0.8859375 0.090625 0.1453125 0.18125
0 0.9398649417170433 0.2171875 0.0656710006763177 0.07109375
0 0.924663752406883 0.387890625 0.0729391553548627 0.15859375
0 0.8046875 0.429296875 0.1421875 0.12109375
0 0.9921875 0.366796875 0.015625 0.06796875
0 0.519140625 0.26328125 0.15859375 0.36875
0 0.7032336477362923 0.358984375 0.07530108668840807 0.16015625
0 0.67265625 0.1359375 0.215625 0.271875
0 0.975 0.02890625 0.05 0.0578125
0 0.527734375 0.895703125 0.17578125 0.20859375