0 0.46855410777298323 0.06430230757017066 0.032599397442476176 0.09989609319506557
0 0.505445574595496 0.09142218244411993 0.03151816559284874 0.04827896287323483
0 0.48493133498682167 0.19250657613355332 0.044990313133520844 0.08202017834435935
0 0.641015625 0.15390625 0.01796875 0.0796875
0 0.617485020193476 0.2059029865832212 0.04409997882456551 0.06321554802252863
0 0.616015625 0.328125 0.06796875 0.159375
0 0.909375 0.03359375 0.1375 0.0671875
0 0.825 0.30390625 0.35 0.571875
0 0.297265625 0.750390625 0.15546875 0.32109375
0 0.21640625 0.948046875 0.1375 0.10390625
0 0.9140963997801672 0.8636283692508406 0.06132436114173103 0.20498778478097676
0 0.82578125 0.6 0.0546875 0.0203125
0 0.839893297468133 0.8043378096638577 0.05116811114173103 0.2042775905971755
0 0.68046875 0.93671875 0.03125 0.1265625