0 0.13581418870784318 0.19648097022560762 0.09171926779449713 0.088486765301481
0 0.05907128728183384 0.12792685018800637 0.05304142836490087 0.05783392473094033
0 0.0717769105332227 0.33280376799207734 0.08314010524692712 0.10758136765884582
0 0.17762967386050504 0.46199357723578494 0.10473126235728962 0.0633604867654336
0 0.15364701650299661 0.41905373325303164 0.0740250904181794 0.036977769230422376
0 0.1744681704190545 0.2812348058337495 0.042711423421985015 0.0339597770883052
0 0.1836143715027779 0.31511857723578496 0.041548171444818746 0.024548389784752267
0 0.1574458023391367 0.24927740746724333 0.03148742193911023 0.026419104838564245
0 0.12056321490529731 0.07320829011798377 0.038518671939110224 0.026746590570540584
0 0.58203125 0.654296875 0.1640625 0.40078125
0 0.5827701017497049 0.15699893920836097 0.10461851581733086 0.07973034946188076
0 0.61328125 0.287890625 0.2265625 0.22734375
0 0.51640625 0.35078125 0.0328125 0.0484375
0 0.8359375 0.433203125 0.328125 0.49453125
0 0.19034456737784905 0.9222558159656893 0.1975235988211365 0.08249793858467917
0 0.59453125 0.97421875 0.1890625 0.0515625