0 0.05859375 0.045703125 0.1171875 0.09140625
0 0.533864732317509 0.3394021487541517 0.036979923283198345 0.10830265576781102
0 0.294140625 0.7046875 0.39140625 0.590625
0 0.9169586954068502 0.5785643225682892 0.057326656533975395 0.0768919694629016
0 0.9256476638728749 0.5043508185585068 0.034323650123834426 0.051271405767811015
0 0.9421963478047417 0.7418909901347343 0.04048375889134022 0.06646560919158376
0 0.803906481593638 0.6159769370801019 0.04173588978475227 0.04317830351605778
0 0.8365724132514478 0.7369059523486511 0.038829213606069855 0.047665544416759076
0 0.81579759067073 0.7535171086563291 0.023221330231458382 0.030308063695090582
0 0.7831616999549642 0.8182950559108513 0.03395977708830529 0.043458905767811015
0 0.8874072250787985 0.8609803527962331 0.04765840405277597 0.03654757171465502
0 0.7743056417469684 0.5524447644241404 0.04322992328319834 0.10870317396640843
0 0.8255300015479314 0.6596471927094854 0.0774037160872691 0.08986233883351816
0 0.7799864271051866 0.8847111991094486 0.03377999462331651 0.07304627621816166
0 0.779296875 0.96953125 0.03359375 0.0609375
0 0.906640625 0.971875 0.03046875 0.05625
0 0.8083746965427514 0.8801494598283485 0.0349593509096227 0.04819647054263569
0 0.8273387701569266 0.9592513217192675 0.025385297766469604 0.0600456284699149