0 0.145286583774931 0.47290893190766214 0.2140501950978475 0.3075864941275054
0 0.42063365586954876 0.11007828328633436 0.1252383489738195 0.11450643236988048
0 0.9416605495806254 0.4199928408873241 0.05265418094579868 0.08194633346523723
0 0.9658594827590802 0.3359887396732539 0.017896668028020812 0.03096885517284953
0 0.9301307698031774 0.32714193124758795 0.020058580072118203 0.023224551332783516
0 0.8831950659653304 0.4741132138090064 0.02865298328249999 0.05704562186589683
0 0.8289891099432817 0.4764395861038683 0.026581990216354257 0.06869617570596276
0 0.7475754557829692 0.4670442025594889 0.0205677263486459 0.04509955133278361
0 0.8500617367009726 0.3252025207831755 0.03159614532659738 0.04932405007914227
0 0.8828294304223789 0.3577751599689405 0.027580792553055566 0.044522889812585655
0 0.8678509349814065 0.6833511641588291 0.009102896276527873 0.02212505258642459