0 0.26171875 0.22734375 0.215625 0.084375
0 0.9203125 0.183984375 0.159375 0.17109375
0 0.3253484299503251 0.9096384829492266 0.07692903288075695 0.05742436993027056
0 0.39990195532962713 0.9284456082013282 0.05098841515269079 0.03463707995351371
0 0.16171636464785316 0.9129552350429136 0.06627857530441154 0.04114380606830022
0 0.28823944176418675 0.7928553565242309 0.0438136439408634 0.041903276735205
0 0.16684267388633928 0.8092237656749537 0.04824605242559432 0.039106058666190435
0 0.15021328327945577 0.7863107895601673 0.03062811772806624 0.02311507190774211
0 0.08549720797504419 0.7452762441355288 0.0431759151526907 0.034090776735205
0 0.04297454578188038 0.8428971482165224 0.03651132697140156 0.04760697351689629
0 0.3517918232026255 0.7720536785580236 0.10846607530441155 0.0440938434471672
0 0.24406686585580112 0.8084094826971251 0.08952462773000587 0.0785016944359029
0 0.02734375 0.7328125 0.0546875 0.034375
0 0.0234375 0.761328125 0.046875 0.03515625
0 0.95234375 0.292578125 0.0953125 0.04609375