0 0.296875 0.26484375 0.265625 0.5296875
0 0.807421875 0.197265625 0.38515625 0.39453125
0 0.6304501969081833 0.06081004688807164 0.0800818588003402 0.106135021539425
0 0.399609375 0.635546875 0.06015625 0.21171875
0 0.182421875 0.598828125 0.13671875 0.13828125
0 0.05234375 0.58359375 0.0859375 0.1078125
0 0.08022701337407093 0.7185491781306952 0.06701886360966362 0.1114563060683004
0 0.04056927449033023 0.715448634383154 0.05615328547936249 0.09043361188449914
0 0.008984375 0.63515625 0.01796875 0.0578125
0 0.01015625 0.751171875 0.0203125 0.08828125
0 0.943359375 0.590234375 0.11328125 0.12109375
0 0.8607118438242157 0.666489833384583 0.0996131088003402 0.10750077958519669
0 0.812890625 0.601953125 0.10078125 0.14453125
0 0.91640625 0.78828125 0.1671875 0.184375
0 0.785565544001701 0.891811897498655 0.08651290807470087 0.0894391944359029