0 0.31635603504863197 0.15690359438555032 0.04434081306795061 0.14796613855894436
0 0.16370622404759594 0.20515454094119576 0.05045807237357547 0.0615429052519918
0 0.14958279673075775 0.3890168954872246 0.0510081900324213 0.14035822703874637
0 0.19459671701602804 0.9046138090857401 0.052566381926869445 0.07330711935861452
0 0.3484076327531843 0.6881326939170143 0.028092920801998923 0.06713367570596293
0 0.3472925506596992 0.8657492285567503 0.04064857878371626 0.08544340650563295
0 0.34803095119781846 0.764027604183571 0.03559720574818703 0.07749451418576499
0 0.6840017811174359 0.8542009689565854 0.0323073858558109 0.05711381802583091
0 0.6560426201377906 0.7494028145292699 0.014753858767505613 0.015252926959604096
0 0.6666890796077766 0.8856059132360576 0.04633565260503385 0.0902900308788123
0 0.624609375 0.79375 0.01015625 0.0140625