0 0.2296875 0.25 0.459375 0.5
0 0.834232276351301 0.107459557221289 0.07767554810640612 0.06334476500290957
0 0.9010760944151983 0.30636717267839125 0.10921643959695385 0.11589568015560019
0 0.8078937209768273 0.33549695009913644 0.1091800781606354 0.1096456801556002
0 0.6771454424351291 0.3728937543366527 0.0887357679539809 0.08533133530635126
0 0.77734375 0.45546875 0.109375 0.0890625
0 0.919140625 0.45234375 0.11953125 0.0953125
0 0.7424465038597269 0.16523250539966874 0.050277255951928265 0.05173771424430527
0 0.7738919465799388 0.13418967055235936 0.039221581283893414 0.0305323939408634
0 0.6649143893492484 0.12412147895735055 0.1790658521647405 0.17625896637033697
0 0.553125 0.3390625 0.1875 0.321875
0 0.5047720353282914 0.04148490236040203 0.08154998184962743 0.05819487939699588
0 0.03671875 0.631640625 0.0734375 0.16328125
0 0.25234375 0.844921875 0.4140625 0.31015625
0 0.7725072294628383 0.7873305170685982 0.3798067164297292 0.31992857334755753
0 0.908984375 0.68046875 0.18203125 0.334375
0 0.7052841493477906 0.5864378901720874 0.16235052995603355 0.12179473591517435
0 0.528125 0.816796875 0.1375 0.26171875
0 0.92265625 0.5359375 0.1546875 0.071875