0 0.2484613011334428 0.21068410904761664 0.08732845048646745 0.08720605702175917
0 0.23345786403965613 0.15800816837845 0.07629549310014117 0.08078039976444433
0 0.3150254638775003 0.12426886394858902 0.0894267386359143 0.07334860857689804
0 0.27890625 0.32890625 0.315625 0.2421875
0 0.28125 0.4 0.5625 0.1
0 0.7578125 0.134765625 0.3765625 0.26953125
0 0.95 0.385546875 0.1 0.12890625
0 0.44770514488220703 0.7869165439673391 0.1468807284896446 0.1025569464186109
0 0.42862895230989606 0.6802171303716911 0.13121481818121908 0.09884618605101814
0 0.21955198416839217 0.7380223695566211 0.21144778896022592 0.1370679389257404
0 0.1696700764991171 0.5698577756593989 0.12344322848964451 0.10050643086722193
0 0.3225095915150032 0.6073448498345612 0.21187448295387146 0.11682378944411997
0 0.47993985652924154 0.8854227487505337 0.15421198741809833 0.12035960108402755
0 0.33339213899664566 0.9170226462059038 0.11073867694751698 0.08769407257314796
0 0.70390625 0.533203125 0.26875 0.16640625