0 0.79296875 0.480078125 0.060546875 0.053515625
0 0.61953125 0.353515625 0.250390625 0.0734375
0 0.123046875 0.628515625 0.237109375 0.28984375
0 0.0515625 0.891796875 0.0984375 0.21015625
0 0.559375 0.843359375 0.371484375 0.266796875
0 0.757421875 0.68984375 0.078125 0.0734375
0 0.5234375 0.53671875 0.1296875 0.080078125
0 0.3859375 0.6234375 0.060546875 0.03984375
0 0.33671875 0.41484375 0.060546875 0.043359375
0 0.70234375 0.446484375 0.11171875 0.066796875
0 0.719140625 0.5234375 0.046875 0.033203125
0 0.835546875 0.61171875 0.055859375 0.056640625
0 0.79765625 0.7765625 0.060546875 0.06015625
0 0.382421875 0.318359375 0.169921875 0.043359375