0 0.106640625 0.440625 0.20234375 0.1578125
0 0.14009146793469007 0.38797971490862226 0.07056369034019756 0.10951826333591956
0 0.2603456694371025 0.26276488437371986 0.2728098031636854 0.2992178474343228
0 0.2859375 0.443359375 0.146875 0.15234375
0 0.5125 0.39609375 0.0546875 0.19375
0 0.922265625 0.15234375 0.15546875 0.3046875
0 0.79453125 0.046875 0.065625 0.09375
0 0.131640625 0.896484375 0.16015625 0.20703125
0 0.3109375 0.89921875 0.1765625 0.2015625
0 0.431640625 0.587890625 0.10703125 0.13671875
0 0.944921875 0.9390625 0.11015625 0.121875