0 0.359765625 0.1921875 0.19921875 0.2953125
0 0.718359375 0.169921875 0.51796875 0.33984375
0 0.007421875 0.441796875 0.01484375 0.09140625
0 0.038857137576958765 0.6350450495753714 0.05365860835926082 0.16928653369467578
0 0.017578125 0.747265625 0.03515625 0.10390625
0 0.07746191862467597 0.5381656228788205 0.034367091720169364 0.09193322177194432
0 0.056640625 0.350390625 0.02890625 0.02109375
0 0.14931468912073403 0.3961254486327559 0.035407440340197736 0.10684532229032406
0 0.121484375 0.36640625 0.02578125 0.053125
0 0.12246077292674702 0.5162325428128021 0.02525514448011279 0.061493866069768546
0 0.7296875 0.658984375 0.540625 0.63828125