0 0.90390625 0.008203125 0.046875 0.01640625
0 0.411328125 0.80859375 0.17734375 0.3828125
0 0.8683785279646556 0.670045669730526 0.04726893083635879 0.07004119216500566
0 0.989453125 0.88359375 0.02109375 0.134375
0 0.924873208819605 0.9319606304032835 0.04478060079830275 0.08546593306570713
0 0.8805601581733079 0.8921110356312274 0.04478060079830275 0.08546593306570696
0 0.9498884783255322 0.8250050763473586 0.051921938745024224 0.10774145126430419
0 0.8529232950177155 0.752106599326318 0.04637493429640003 0.0863473126153563
0 0.9087163444282836 0.7853458474760041 0.06196544220506546 0.12474847856220031
0 0.978125 0.569140625 0.04375 0.15703125
0 0.9306510583449977 0.6123997008074916 0.04551277125453836 0.10343468306570695
0 0.805538311805039 0.636866379554262 0.04726893083635879 0.07004119216500566