0 0.399609375 0.16484375 0.16015625 0.3296875
0 0.775390625 0.206640625 0.31171875 0.24609375
0 0.6080341096211892 0.07565528556417292 0.10144177768032883 0.13404604255729496
0 0.5421683818457201 0.1696499838024245 0.09766552026595506 0.09882159639736088
0 0.2530667198110321 0.8449137509244368 0.07509018330781672 0.0809975989046432
0 0.32504447922116275 0.6009190526861852 0.07509018330781672 0.08099759890464338
0 0.4578125 0.81171875 0.04375 0.08125
0 0.470703125 0.645703125 0.01796875 0.06640625
0 0.4375 0.727734375 0.084375 0.12578125
0 0.829503249925638 0.8250498803121811 0.05307060326976067 0.09596336935861452
0 0.8308554915412714 0.6673851386587047 0.07143594269935694 0.12536972453146406