0 0.08944454526764538 0.38980246125082196 0.07140626324684388 0.0992283880092268
0 0.1671875 0.55234375 0.1078125 0.034375
0 0.8537103814341629 0.4523970922382544 0.07609376324684387 0.09928293200986324
0 0.95859375 0.45703125 0.0828125 0.1703125
0 0.9189571030839675 0.04913063956082305 0.05837798439090349 0.06159202800763601
0 0.8186235641036349 0.365269809575936 0.07787451805616748 0.10555111334340861
0 0.7567684214063627 0.485178595918231 0.06679068511654282 0.0788704346753633
0 0.155859375 0.883984375 0.25390625 0.23203125
0 0.223046875 0.629296875 0.25546875 0.11953125
0 0.7353695926430894 0.645171213916322 0.06000497177703164 0.08581986867440872
0 0.6911198733555375 0.8887535839234808 0.06000497177703164 0.08581986867440872
0 0.8357726305271136 0.7338831759031181 0.043933538474587405 0.05049089600572696