0 0.37150939245481335 0.21591056103270895 0.09166139448011279 0.062011918184115444
0 0.12345856331489795 0.17861947001237094 0.15014605032431164 0.057466822182466085
0 0.23261537500329527 0.18793698254878324 0.048447182629559826 0.046699155251991795
0 0.893359375 0.29296875 0.21328125 0.278125
0 0.7328432459444578 0.16245491241138127 0.1181966209411625 0.0612223079967011
0 0.7114663934707585 0.44769791053091945 0.1181966209411626 0.0612223079967011
0 0.8255286907505299 0.28781796793405334 0.11819662094116268 0.06122230799670092
0 0.13936154545963825 0.78881216660127 0.10867161647693564 0.05235577335696497
0 0.43174391437220583 0.8138813966095171 0.15256766680124728 0.1067310362890888
0 0.069140625 0.923046875 0.13828125 0.15078125
0 0.2859375 0.716796875 0.1921875 0.07421875
0 0.144921875 0.94296875 0.09140625 0.1140625
0 0.63828125 0.947265625 0.1171875 0.10546875
0 0.6546875 0.872265625 0.15 0.08984375