0 0.4984375 0.219921875 0.0578125 0.09453125
0 0.32474080131337246 0.8027439059317532 0.10803267589344294 0.04498633068109026
0 0.05390625 0.864453125 0.1078125 0.09609375
0 0.4 0.92421875 0.1390625 0.1375
0 0.17545439642732194 0.7486481202856613 0.19076426285158127 0.06312835069222604
0 0.323046875 0.951171875 0.08828125 0.09765625
0 0.489453125 0.862109375 0.03984375 0.06015625
0 0.5944670401918117 0.8656067115889808 0.15166992935348417 0.06189256735359017
0 0.8375 0.908203125 0.325 0.18359375
0 0.494921875 0.7796875 0.05078125 0.034375
0 0.4921875 0.74375 0.0453125 0.034375