0 0.8988266690872562 0.14743773466427132 0.041597274137315135 0.061435330083912554
0 0.957421875 0.209765625 0.08515625 0.10859375
0 0.49765625 0.9125 0.084375 0.175
0 0.28615724229394335 0.7455195758460923 0.042580619930270736 0.07549783008391256
0 0.3262632542365501 0.7411760792703309 0.05163319183801285 0.10493687634964619
0 0.385546875 0.91015625 0.15546875 0.1796875
0 0.3699895259404632 0.4829918212843111 0.07528385928660893 0.0764217126573361
0 0.3760200947076749 0.7581573033379254 0.19463978268728965 0.23855670498366627
0 0.891582069649567 0.6423148333192695 0.12414733020561534 0.13063653859206373
0 0.8195674529474403 0.7293340250185775 0.076616766343645 0.11770956348717299
0 0.8070655039844485 0.48942524773652585 0.14060821052744607 0.13266097987877554
0 0.9921875 0.963671875 0.015625 0.07265625
0 0.887109375 0.884375 0.20546875 0.23125
0 0.9578125 0.821875 0.084375 0.3078125
0 0.7740914259601337 0.612429944934665 0.1330688621366006 0.13597523402796058
0 0.683417695444309 0.4715075630861877 0.13258254307885 0.16236013527271584