0 0.4169682615897912 0.7904644652605034 0.05321722539871523 0.07259406551854859
0 0.592578125 0.62421875 0.03359375 0.1375
0 0.5436444368360067 0.5541441835237612 0.05200021751493082 0.08739235141192578
0 0.4898557282969615 0.58111402889859 0.05200021751493065 0.08739235141192578
0 0.5383643304533677 0.6634396213371716 0.06188436379145834 0.10954013605166182
0 0.42474602702456565 0.7082130806603384 0.05356271751493065 0.0874378155185486
0 0.4877006219143226 0.6905003949252457 0.07320372349885425 0.12626463479802066
0 0.558984375 0.916796875 0.08671875 0.16640625
0 0.5004142549887322 0.9168044821514065 0.06846232532246539 0.15735551042484133
0 0.4614254699866661 0.8621181564058725 0.054744011017916705 0.10464804757185978
0 0.34741850118900997 0.8060308035424498 0.05321722539871523 0.07259406551854859