0 0.028515625 0.21796875 0.05703125 0.0578125
0 0.06715246377741835 0.16147462822784764 0.13391801042484133 0.06791681145475703
0 0.21701372294861834 0.08913011559441024 0.2450062746106063 0.1025119766329862
0 0.3840641732984409 0.20520355803309095 0.05304008346523723 0.051981380508958355
0 0.32127166244463473 0.18693379559027842 0.05030988855894432 0.03864557912218754
0 0.1701464258057234 0.222114381836945 0.18155754005001246 0.12211465539458359
0 0.578515625 0.084765625 0.13828125 0.08828125
0 0.17935445816928625 0.951207642428351 0.18834709765100205 0.0871402433504862
0 0.3549113934754141 0.9361401876405735 0.15781015149106814 0.08408732532246539
0 0.16040888720720795 0.8768885549474135 0.07312526293212365 0.04464165919430556
0 0.23430102827343474 0.8629728317328997 0.07312526293212365 0.04464165919430556
0 0.2228126046457893 0.8279162660034552 0.07312526293212365 0.04464165919430556
0 0.875 0.89140625 0.25 0.2171875
0 0.8057675086441399 0.8076784608169623 0.1659863643440495 0.09676916327836818