0 0.216015625 0.0140625 0.05859375 0.028125
0 0.2829724930395091 0.027674775139331587 0.04848105866619044 0.04663095909205772
0 0.2982756109145301 0.16561922443336874 0.048481058666190256 0.04663095909205772
0 0.15740441048810525 0.7580264825155297 0.050065337999285475 0.06928720909205772
0 0.12969217879938633 0.8477141139815917 0.0645538089182919 0.12038670783841639
0 0.23906949174056408 0.7162774201310843 0.06208437278026224 0.12967077962517112
0 0.6891182222563887 0.4934638773426802 0.1748028940675857 0.13606919530200426
0 0.7587212560289593 0.7245571014784329 0.0372704070570359 0.04240646034569906
0 0.7582188754550269 0.7986394591585647 0.0372704070570359 0.04240646034569906
0 0.804295835982473 0.6748920705996204 0.03727040705703608 0.04240646034569906
0 0.746875 0.94140625 0.078125 0.1171875