0 0.8840969625184586 0.5994267655375014 0.13820900370062789 0.11241273495630537
0 0.982421875 0.665234375 0.03515625 0.17890625
0 0.948046875 0.518359375 0.10390625 0.07734375
0 0.809375 0.143359375 0.3359375 0.28671875
0 0.8618242951827261 0.7021013045649818 0.09982762415097853 0.10973636434404951
0 0.955859375 0.760546875 0.08828125 0.11015625
0 0.8828733694444457 0.42822654120389314 0.09982762415097853 0.10973636434404951
0 0.8102643333564055 0.3173326737257406 0.09982762415097853 0.10973636434404951
0 0.79921875 0.859765625 0.3359375 0.06015625
0 0.872265625 0.987890625 0.09921875 0.02421875
0 0.8001080833564055 0.9204576737257405 0.09982762415097853 0.10973636434404951