0 0.3391931851747917 0.05161015239921216 0.03751257800932013 0.04200626785690744
0 0.2728004357994916 0.14586075872987808 0.04409446473192844 0.0670880884737585
0 0.32234478351744 0.14929851725294246 0.05164685560372177 0.08438468262956
0 0.46276350758503443 0.19574020759478766 0.05976700892306965 0.07828468709378669
0 0.2434457451374798 0.22303691335626077 0.038045374275053764 0.049037517856907444
0 0.9526885533379253 0.41373820820369567 0.08000957655942784 0.13949492248329012
0 0.545703125 0.74921875 0.04765625 0.0765625
0 0.48224859731696307 0.7179550369365739 0.06042985975290662 0.07673582386326191
0 0.6944959918134875 0.757869835028772 0.050841372200461345 0.0531619561685102
0 0.7728111685780522 0.8003107051591556 0.09602566286711749 0.16552163433384326
0 0.659765625 0.966015625 0.06328125 0.06796875
0 0.699609375 0.5734375 0.15390625 0.0875