0 0.381640625 0.171875 0.07578125 0.1
0 0.837109375 0.038671875 0.08203125 0.07734375
0 0.936328125 0.01875 0.12734375 0.0375
0 0.35 0.548828125 0.0703125 0.05859375
0 0.277638216046188 0.6841154152132595 0.020251586817585477 0.026873313140062118
0 0.23511954618080305 0.5460242455243424 0.04156514469597568 0.04524388154179624
0 0.3131238133518236 0.6199426467621144 0.05345819994353036 0.062287168373499215
0 0.1929814014495336 0.5494492297746204 0.030817360495108838 0.03449609734092922
0 0.302734375 0.525 0.02890625 0.0109375
0 0.2703146870716993 0.6550765099586464 0.012901818401734034 0.020995039462538934
0 0.47890625 0.63046875 0.11875 0.221875