0 0.025390625 0.009765625 0.05078125 0.01953125
0 0.391285704150815 0.5580657773909745 0.04220518939369331 0.10511476133831792
0 0.45210979986574407 0.6951847904002015 0.03732958163720568 0.026980670671545325
0 0.4059258155253471 0.3831294120583837 0.02498671189493056 0.05962953866963616
0 0.5069815459647861 0.692305512074292 0.05365062245580869 0.040443734006999674
0 0.5454437200375606 0.6743824890793827 0.03025406603337366 0.040952264003817976
0 0.4768884297269841 0.3491683110677696 0.02934334124814413 0.06826874200349983
0 0.5942745853130509 0.5033617380847916 0.030578292627625105 0.06203692333704538
0 0.5885707216772408 0.7389858837523597 0.016194888059640887 0.025953972668681758
0 0.7618958545349277 0.4257976227124297 0.039990914178922664 0.07776192067154515
0 0.925825557723431 0.3854918907343833 0.027330461894930557 0.05965681066995439
0 0.7799879748988007 0.334155289047566 0.025525622455808694 0.040116470003181706
0 0.7423004488930902 0.5983311487109979 0.09448141960598963 0.22361986067790857