0 0.4587952901538136 0.1909056089075724 0.016572193361304242 0.012681813335454439
0 0.9213500459649946 0.351143948579754 0.033428729254075584 0.03941703600413611
0 0.9539252863169786 0.32183316390836786 0.034991229254075586 0.03943521733768165
0 0.31484375 0.517578125 0.171875 0.25546875
0 0.2953895212819889 0.968124826285025 0.05522121888111329 0.059184643340227085
0 0.167655146281989 0.9696111503023651 0.03547648132866801 0.03553805800445424
0 0.28291404668994086 0.6848171586171385 0.06817150477388481 0.08587441267504507
0 0.7187214921258376 0.5931638185869128 0.03132177759440165 0.04251476400381797
0 0.70905724451278 0.6358919395886626 0.01812303796736394 0.022847154002227123
0 0.8099030604871416 0.6046138465746633 0.01128104211654879 0.01496192866804531
0 0.658477826671285 0.6701038549292078 0.00948174377622273 0.011818747334499946