0 0.650101395303136 0.08465445470638447 0.03998567144481866 0.023110783338636053
0 0.699447479295525 0.088352166713066 0.04958350593149898 0.02868862133990895
0 0.7725566919951006 0.10989617838954287 0.07880809091247105 0.03683747601049951
0 0.32449587678579217 0.6324995264162689 0.05192459733826169 0.06697896200668155
0 0.2990767589344296 0.4686094754137236 0.04170733893530461 0.027035214672181597
0 0.09609375 0.409765625 0.0875 0.03984375
0 0.30225547361117167 0.4987103270806553 0.06841176038012335 0.04999145667568143
0 0.3223570679836838 0.551263162416428 0.06399351581733086 0.0757090720082724
0 0.8820902122424652 0.4280047390396118 0.06763051038012335 0.049982366008908666
0 0.96796875 0.41953125 0.0640625 0.059375
0 0.78984375 0.40703125 0.0890625 0.034375