0 0.32697418707732684 0.32034936497785066 0.018590503333980025 0.018288925046142525
0 0.3274364437452865 0.3548745593023247 0.013329047424624462 0.010957286397194465
0 0.3627521904113067 0.3353340148855658 0.012611570303441687 0.011688471622370144
0 0.34302163404775843 0.3389544166435945 0.014827774545807238 0.010276165946843819
0 0.38831867434538125 0.8115339161821691 0.0407204659112951 0.0608967296419344
0 0.4192979941897811 0.7003868626661115 0.04661952167086945 0.11412185919158375
0 0.39870579480345325 0.9051086894702827 0.031823698033447555 0.08519582279438911
0 0.7646340060882316 0.741272535474344 0.03483725666795978 0.03642765576781102
0 0.7608714062380129 0.6951787854743439 0.017793277879787083 0.02756379549649317
0 0.7371149129059725 0.7312559878183824 0.025031693032477785 0.05911418414544123
0 0.7403674586636072 0.7326182287190838 0.025031693032477785 0.05911418414544123