0 0.4323778232835617 0.29895352781121626 0.08774565445914587 0.061807329704313574
0 0.889422639869473 0.25758710675736046 0.060254438988021165 0.04775318989172774
0 0.5257666443965618 0.11184650132014831 0.037723875126050646 0.037741692399010415
0 0.9276296111666316 0.09586535091811914 0.12144331126408048 0.030821754156634996
0 0.6564162568237013 0.28385841056417294 0.09527964901126432 0.024602846397360878
0 0.333984375 0.67734375 0.03203125 0.0296875
0 0.28530267645359786 0.6743732730610141 0.05365487772394086 0.02027304757185977
0 0.0109375 0.7 0.021875 0.034375
0 0.16178572590112222 0.6066283208307296 0.033506268689433405 0.022025764185764983
0 0.1707399268317502 0.5677745894042389 0.03306922611478633 0.015775764185764984
0 0.501953125 0.82109375 0.30390625 0.146875