0 0.6321309048578758 0.26823172491648106 0.05367037427505359 0.04901930267345413
0 0.7312860114988938 0.18550931057052722 0.03990387220046117 0.05276192067154532
0 0.1142043326597367 0.9448143219486159 0.06646637220046134 0.05307100334181776
0 0.18034510714224966 0.8960401936067981 0.04707683215850507 0.03411191800604527
0 0.2296715235338521 0.832240775600753 0.020632731328668184 0.035365335335772664
0 0.24849283982056392 0.8156299855983669 0.01428764294638576 0.013435791335136216
0 0.26908385465506085 0.796266639262435 0.009363344606059698 0.010256247334499946
0 0.2906866288252239 0.7944541459261851 0.018667489627037882 0.019731244668999892
0 0.27556482529841675 0.7879953342616396 0.011825493776222728 0.01184601933481808
0 0.292220451648063 0.7433095429265034 0.02578217261537983 0.05181703866963616
0 0.2269797876434029 0.7647535572684803 0.021178105603721777 0.08376647266868176
0 0.1157031893007547 0.8632282409492523 0.025497830083912553 0.037763629336408935