0 0.6106393986861695 0.08153838093546906 0.03557979882550111 0.042206337005972296
0 0.630859375 0.019921875 0.04296875 0.03984375
0 0.7068653609123302 0.10173464589527814 0.04448343738444542 0.07988817496187509
0 0.712146242807357 0.0417420500555906 0.027403585972519552 0.029524499050069507
0 0.6024111931239261 0.16098039969500028 0.033318616851332014 0.07182110182361115
0 0.17108632795520026 0.7232716126509031 0.06726170783841656 0.05777743882958344
0 0.1277946321909777 0.8721624011198961 0.03938676042484133 0.06571657218833345
0 0.24120259966281266 0.6913325880496184 0.047139424452321596 0.037010343939826384
0 0.29630881106429713 0.6399165382299137 0.021358174452321778 0.03641027868534721
0 0.31664822321131575 0.627898408813056 0.014471676959604097 0.014389808320624909
0 0.33849330522505594 0.6139635219873789 0.009670516693047304 0.010374455547083272
0 0.36005724241164555 0.6171979513661116 0.01858251543940632 0.02151197729857639
0 0.3461012167452539 0.6071141099432816 0.012082462852981379 0.012772756933854268
0 0.36679414997306414 0.5669982562198095 0.027304297571859946 0.05294381525447918
0 0.30058112242621055 0.5720932585946359 0.023526079704313398 0.08408471248093755
0 0.18085430146413223 0.6430847114825523 0.026113870612255674 0.038863131458888846