0 0.43984375 0.669921875 0.038671875 0.016796875
0 0.294921875 0.704296875 0.047265625 0.021484375
0 0.25625 0.6765625 0.055859375 0.031640625
0 0.214453125 0.653125 0.023046875 0.008203125
0 0.25078125 0.616015625 0.022265625 0.008203125
0 0.342578125 0.583984375 0.027734375 0.008203125
0 0.262109375 0.57734375 0.011328125 0.0046875
0 0.1359375 0.615625 0.012109375 0.0046875
0 0.125390625 0.61328125 0.010546875 0.003515625
0 0.144140625 0.618359375 0.009375 0.003515625
0 0.13203125 0.576953125 0.012109375 0.0046875
0 0.095703125 0.582421875 0.009375 0.0046875