0 0.714453125 0.6046875 0.066796875 0.0453125
0 0.661328125 0.55 0.038671875 0.0203125
0 0.529296875 0.570703125 0.030078125 0.025
0 0.5578125 0.51015625 0.0375 0.01484375
0 0.525390625 0.466015625 0.009765625 0.0046875
0 0.5625 0.4640625 0.008984375 0.0046875
0 0.714453125 0.6046875 0.066796875 0.0453125
0 0.661328125 0.55 0.038671875 0.0203125
0 0.529296875 0.570703125 0.030078125 0.025
0 0.5578125 0.51015625 0.0375 0.01484375
0 0.525390625 0.466015625 0.009765625 0.0046875
0 0.5625 0.4640625 0.008984375 0.0046875