0 0.536328125 0.533203125 0.056640625 0.02578125
0 0.613671875 0.518359375 0.019921875 0.0140625
0 0.48828125 0.49765625 0.0234375 0.0140625
0 0.402734375 0.4625 0.026953125 0.009375
0 0.46171875 0.45234375 0.044140625 0.007421875
0 0.482421875 0.4578125 0.019140625 0.00546875
0 0.536328125 0.533203125 0.056640625 0.02578125
0 0.613671875 0.518359375 0.019921875 0.0140625
0 0.48828125 0.49765625 0.0234375 0.0140625
0 0.402734375 0.4625 0.026953125 0.009375
0 0.46171875 0.45234375 0.044140625 0.007421875
0 0.482421875 0.4578125 0.019140625 0.00546875