0 0.380078125 0.821484375 0.137890625 0.096484375
0 0.485546875 0.755078125 0.08203125 0.056640625
0 0.2578125 0.61015625 0.133203125 0.080078125
0 0.434375 0.58984375 0.06875 0.046484375
0 0.562109375 0.596484375 0.080078125 0.033203125
0 0.691015625 0.58984375 0.048828125 0.033203125
0 0.569921875 0.5734375 0.11796875 0.0265625
0 0.42890625 0.493359375 0.084375 0.046484375
0 0.303515625 0.5 0.064453125 0.03984375
0 0.77109375 0.743359375 0.124609375 0.053515625
0 0.841015625 0.803515625 0.108984375 0.046484375