0 0.36015625 0.83125 0.2671875 0.109765625
0 0.751953125 0.845703125 0.21484375 0.1
0 0.603515625 0.7296875 0.16640625 0.0765625
0 0.85234375 0.775 0.1078125 0.052734375
0 0.955859375 0.825 0.08828125 0.1359375
0 0.053515625 0.35703125 0.10546875 0.072265625
0 0.380859375 0.6078125 0.20390625 0.08203125
0 0.2015625 0.545703125 0.2359375 0.0640625
0 0.66015625 0.5359375 0.5 0.06953125
0 0.826953125 0.6796875 0.26328125 0.134765625
0 0.631640625 0.64453125 0.09921875 0.077734375
0 0.4 0.9375 0.328125 0.108203125
0 0.5546875 0.83828125 0.090625 0.0625
0 0.7109375 0.941796875 0.153125 0.1140625
0 0.933203125 0.9671875 0.12890625 0.054296875
0 0.089453125 0.8328125 0.17734375 0.040234375
0 0.076953125 0.90078125 0.14140625 0.0625
0 0.044921875 0.68125 0.08828125 0.05703125
0 0.2640625 0.672265625 0.175 0.058203125
0 0.112890625 0.43203125 0.14296875 0.06953125