0 0.4265625 0.153515625 0.1625 0.1015625
0 0.60546875 0.2140625 0.1515625 0.0859375
0 0.774609375 0.301953125 0.12578125 0.1265625
0 0.851953125 0.41875 0.18515625 0.134765625
0 0.80859375 0.579296875 0.378125 0.197265625
0 0.6484375 0.915234375 0.309375 0.1609375
0 0.40625 0.5625 0.3125 0.2609375
0 0.069140625 0.69296875 0.13671875 0.3109375
0 0.4828125 0.3375 0.328125 0.152734375
0 0.2046875 0.448046875 0.18125 0.1375
0 0.09765625 0.165234375 0.1828125 0.125
0 0.2546875 0.13046875 0.078125 0.06953125
0 0.27578125 0.2265625 0.140625 0.097265625
0 0.109765625 0.233203125 0.18359375 0.097265625
0 0.07421875 0.3828125 0.146875 0.0765625
0 0.5625 0.784765625 0.2046875 0.13046875
0 0.9734375 0.891015625 0.05 0.1625