0 0.668359375 0.61171875 0.26328125 0.196484375
0 0.325 0.8515625 0.43671875 0.2765625
0 0.8015625 0.93671875 0.330078125 0.119921875
0 0.918359375 0.744921875 0.156640625 0.13671875
0 0.341796875 0.455078125 0.38984375 0.16328125
0 0.68671875 0.383203125 0.153515625 0.066796875
0 0.8765625 0.43671875 0.13984375 0.1
0 0.971484375 0.51328125 0.05 0.06015625
0 0.6265625 0.183203125 0.153515625 0.053515625
0 0.481640625 0.278515625 0.18984375 0.06328125
0 0.4015625 0.218359375 0.083203125 0.03671875
0 0.216796875 0.228515625 0.193359375 0.069921875
0 0.693359375 0.125 0.1 0.03671875
0 0.58671875 0.106640625 0.133203125 0.03984375
0 0.33984375 0.156640625 0.246484375 0.066796875
0 0.75 0.068359375 0.180078125 0.069921875
0 0.568359375 0.343359375 0.13671875 0.053515625
0 0.68828125 0.281640625 0.06328125 0.03671875
0 0.043359375 0.71015625 0.080078125 0.106640625
0 0.26328125 0.03984375 0.3 0.0734375