0 0.82265625 0.68125 0.215625 0.1484375
0 0.791015625 0.409765625 0.32265625 0.152734375
0 0.11015625 0.879296875 0.2171875 0.233203125
0 0.6265625 0.896484375 0.3421875 0.1984375
0 0.551953125 0.558203125 0.24765625 0.125
0 0.268359375 0.48046875 0.53515625 0.25
0 0.14921875 0.590234375 0.0984375 0.05
0 0.0625 0.66328125 0.1234375 0.084765625
0 0.54609375 0.360546875 0.05 0.0375
0 0.65 0.416796875 0.0859375 0.05546875
0 0.553515625 0.67421875 0.20234375 0.084765625
0 0.936328125 0.5515625 0.12578125 0.13046875
0 0.788671875 0.51953125 0.12578125 0.066796875