0 0.550390625 0.691796875 0.07109375 0.05
0 0.477734375 0.7078125 0.04765625 0.029296875
0 0.715625 0.70078125 0.0625 0.034765625
0 0.57421875 0.57578125 0.0390625 0.0375
0 0.6984375 0.596484375 0.04375 0.034765625
0 0.7125 0.57421875 0.028125 0.020703125
0 0.773046875 0.535546875 0.03984375 0.029296875
0 0.82734375 0.634765625 0.03125 0.04453125
0 0.5078125 0.552734375 0.1046875 0.033203125
0 0.6203125 0.59296875 0.08125 0.06953125
0 0.838671875 0.52578125 0.06953125 0.0265625
0 0.938671875 0.515234375 0.08828125 0.025
0 0.97578125 0.566015625 0.0421875 0.054296875
0 0.948046875 0.6421875 0.06953125 0.0234375
0 0.837109375 0.554296875 0.04453125 0.03046875
0 0.91796875 0.565234375 0.0578125 0.01953125